target_id,actor_id,target_type,baseline_year,target_year,target_value,target_unit,URL,datasource_id
GCoMEC:EUCoM_pledge:AT BRZ,AT BRZ,Absolute emissions reduction,2008,2020,21,percent,https://www.covenantofmayors.eu/about/covenant-community/signatories/action-plan.html?scity_id=14214,GCoMEC:v2
GCoMEC:EUCoM_pledge:AT JDN,AT JDN,Absolute emissions reduction,1990,2020,28,percent,https://www.covenantofmayors.eu/about/covenant-community/signatories/action-plan.html?scity_id=14680,GCoMEC:v2
GCoMEC:EUCoM_pledge:BA BHC,BA BHC,Absolute emissions reduction,2010,2020,20,percent,https://www.covenantofmayors.eu/about/covenant-community/signatories/action-plan.html?scity_id=13732,GCoMEC:v2
GCoMEC:EUCoM_pledge:BA BJA,BA BJA,Absolute emissions reduction,2004,2020,31,percent,https://www.covenantofmayors.eu/about/covenant-community/signatories/action-plan.html?scity_id=13657,GCoMEC:v2
GCoMEC:EUCoM_pledge:BA BNX,BA BNX,Absolute emissions reduction,1990,2020,20,percent,https://www.covenantofmayors.eu/about/covenant-community/signatories/action-plan.html?scity_id=12016,GCoMEC:v2
GCoMEC:EUCoM_pledge:BA C6G,BA C6G,Absolute emissions reduction,2005,2020,27,percent,https://www.covenantofmayors.eu/about/covenant-community/signatories/action-plan.html?scity_id=18026,GCoMEC:v2
GCoMEC:EUCoM_pledge:BA DBJ,BA DBJ,Absolute emissions reduction,2013,2020,20,percent,https://www.covenantofmayors.eu/about/covenant-community/signatories/action-plan.html?scity_id=19184,GCoMEC:v2
GCoMEC:EUCoM_pledge:BA LKV,BA LKV,Absolute emissions reduction,2010,2030,40,percent,,GCoMEC:v2
GCoMEC:EUCoM_pledge:BA SMT,BA SMT,Absolute emissions reduction,2011,2030,40,percent,,GCoMEC:v2
GCoMEC:EUCoM_pledge:BA TBJ,BA TBJ,Absolute emissions reduction,2001,2020,22,percent,https://www.covenantofmayors.eu/about/covenant-community/signatories/action-plan.html?scity_id=13712,GCoMEC:v2
GCoMEC:EUCoM_pledge:BA TZL,BA TZL,Absolute emissions reduction,2002,2020,20,percent,https://www.covenantofmayors.eu/about/covenant-community/signatories/action-plan.html?scity_id=12816,GCoMEC:v2
GCoMEC:EUCoM_pledge:BA ZNK,BA ZNK,Absolute emissions reduction,2009,2020,20,percent,https://www.covenantofmayors.eu/about/covenant-community/signatories/action-plan.html?scity_id=15261,GCoMEC:v2
GCoMEC:EUCoM_pledge:BE AAB,BE AAB,Absolute emissions reduction,2011,2020,20,percent,https://www.covenantofmayors.eu/about/covenant-community/signatories/action-plan.html?scity_id=17944,GCoMEC:v2
GCoMEC:EUCoM_pledge:BE AES,BE AES,Absolute emissions reduction,2011,2020,20,percent,https://www.covenantofmayors.eu/about/covenant-community/signatories/action-plan.html?scity_id=18539,GCoMEC:v2
GCoMEC:EUCoM_pledge:BE AKN,BE AKN,Absolute emissions reduction,2011,2020,21,percent,https://www.covenantofmayors.eu/about/covenant-community/signatories/action-plan.html?scity_id=15224,GCoMEC:v2
GCoMEC:EUCoM_pledge:BE ANS,BE ANS,Absolute emissions reduction,2006,2020,20,percent,https://www.covenantofmayors.eu/about/covenant-community/signatories/action-plan.html?scity_id=18719,GCoMEC:v2
GCoMEC:EUCoM_pledge:BE ASS,BE ASS,Absolute emissions reduction,2011,2020,21,percent,https://www.covenantofmayors.eu/about/covenant-community/signatories/action-plan.html?scity_id=15225,GCoMEC:v2
GCoMEC:EUCoM_pledge:BE ATE,BE ATE,Absolute emissions reduction,1990,2020,26,percent,https://www.covenantofmayors.eu/about/covenant-community/signatories/action-plan.html?scity_id=15184,GCoMEC:v2
GCoMEC:EUCoM_pledge:BE ATO,BE ATO,Absolute emissions reduction,2006,2030,40,percent,https://www.covenantofmayors.eu/about/covenant-community/signatories/action-plan.html?scity_id=20237,GCoMEC:v2
GCoMEC:EUCoM_pledge:BE AUL,BE AUL,Absolute emissions reduction,2006,2030,40,percent,https://www.covenantofmayors.eu/about/covenant-community/signatories/action-plan.html?scity_id=19425,GCoMEC:v2
GCoMEC:EUCoM_pledge:BE AYW,BE AYW,Absolute emissions reduction,2006,2030,52,percent,,GCoMEC:v2
GCoMEC:EUCoM_pledge:BE BEE,BE BEE,Absolute emissions reduction,2011,2020,20,percent,https://www.covenantofmayors.eu/about/covenant-community/signatories/action-plan.html?scity_id=18543,GCoMEC:v2
GCoMEC:EUCoM_pledge:BE BGY,BE BGY,Absolute emissions reduction,2011,2020,20,percent,https://www.covenantofmayors.eu/about/covenant-community/signatories/action-plan.html?scity_id=18986,GCoMEC:v2
GCoMEC:EUCoM_pledge:BE BKE,BE BKE,Absolute emissions reduction,2011,2020,20,percent,https://www.covenantofmayors.eu/about/covenant-community/signatories/action-plan.html?scity_id=18567,GCoMEC:v2
GCoMEC:EUCoM_pledge:BE BKO,BE BKO,Absolute emissions reduction,2011,2020,20,percent,https://www.covenantofmayors.eu/about/covenant-community/signatories/action-plan.html?scity_id=18564,GCoMEC:v2
GCoMEC:EUCoM_pledge:BE BLC,BE BLC,Absolute emissions reduction,2006,2030,43,percent,https://www.covenantofmayors.eu/about/covenant-community/signatories/action-plan.html?scity_id=25476,GCoMEC:v2
GCoMEC:EUCoM_pledge:BE BLZ,BE BLZ,Absolute emissions reduction,2011,2020,20,percent,https://www.covenantofmayors.eu/about/covenant-community/signatories/action-plan.html?scity_id=15227,GCoMEC:v2
GCoMEC:EUCoM_pledge:BE BMB,BE BMB,Absolute emissions reduction,2011,2020,20,percent,https://www.covenantofmayors.eu/about/covenant-community/signatories/action-plan.html?scity_id=18568,GCoMEC:v2
GCoMEC:EUCoM_pledge:BE BOG,BE BOG,Absolute emissions reduction,2011,2020,20,percent,https://www.covenantofmayors.eu/about/covenant-community/signatories/action-plan.html?scity_id=15229,GCoMEC:v2
GCoMEC:EUCoM_pledge:BE BRD,BE BRD,Absolute emissions reduction,2006,2020,20,percent,https://www.covenantofmayors.eu/about/covenant-community/signatories/action-plan.html?scity_id=18055,GCoMEC:v2
GCoMEC:EUCoM_pledge:BE BRE,BE BRE,Absolute emissions reduction,2011,2020,21,percent,https://www.covenantofmayors.eu/about/covenant-community/signatories/action-plan.html?scity_id=15230,GCoMEC:v2
GCoMEC:EUCoM_pledge:BE BRS,BE BRS,Absolute emissions reduction,2006,2020,20,percent,https://www.covenantofmayors.eu/about/covenant-community/signatories/action-plan.html?scity_id=16784,GCoMEC:v2
GCoMEC:EUCoM_pledge:BE BSS,BE BSS,Absolute emissions reduction,2006,2030,52,percent,https://www.covenantofmayors.eu/about/covenant-community/signatories/action-plan.html?scity_id=19833,GCoMEC:v2
GCoMEC:EUCoM_pledge:BE BTM,BE BTM,Absolute emissions reduction,2011,2020,20,percent,https://www.covenantofmayors.eu/about/covenant-community/signatories/action-plan.html?scity_id=18565,GCoMEC:v2
GCoMEC:EUCoM_pledge:BE BUM,BE BUM,Absolute emissions reduction,2011,2020,20,percent,https://www.covenantofmayors.eu/about/covenant-community/signatories/action-plan.html?scity_id=18569,GCoMEC:v2
GCoMEC:EUCoM_pledge:BE CCS,BE CCS,Absolute emissions reduction,2006,2030,44,percent,https://www.covenantofmayors.eu/about/covenant-community/signatories/action-plan.html?scity_id=19990,GCoMEC:v2
GCoMEC:EUCoM_pledge:BE CFA,BE CFA,Absolute emissions reduction,2006,2030,40,percent,https://www.covenantofmayors.eu/about/covenant-community/signatories/action-plan.html?scity_id=19994,GCoMEC:v2
GCoMEC:EUCoM_pledge:BE CFO,BE CFO,Absolute emissions reduction,2006,2030,41,percent,https://www.covenantofmayors.eu/about/covenant-community/signatories/action-plan.html?scity_id=19698,GCoMEC:v2
GCoMEC:EUCoM_pledge:BE DBK,BE DBK,Absolute emissions reduction,2011,2020,20,percent,https://www.covenantofmayors.eu/about/covenant-community/signatories/action-plan.html?scity_id=18571,GCoMEC:v2
GCoMEC:EUCoM_pledge:BE DIS,BE DIS,Absolute emissions reduction,2006,2030,40,percent,https://www.covenantofmayors.eu/about/covenant-community/signatories/action-plan.html?scity_id=19991,GCoMEC:v2
GCoMEC:EUCoM_pledge:BE DPE,BE DPE,Absolute emissions reduction,2011,2020,20,percent,https://www.covenantofmayors.eu/about/covenant-community/signatories/action-plan.html?scity_id=18759,GCoMEC:v2
GCoMEC:EUCoM_pledge:BE DPK,BE DPK,Absolute emissions reduction,2011,2020,20,percent,https://www.covenantofmayors.eu/about/covenant-community/signatories/action-plan.html?scity_id=15231,GCoMEC:v2
GCoMEC:EUCoM_pledge:BE DSO,BE DSO,Absolute emissions reduction,2011,2020,35,percent,https://www.covenantofmayors.eu/about/covenant-community/signatories/action-plan.html?scity_id=15232,GCoMEC:v2
GCoMEC:EUCoM_pledge:BE DVI,BE DVI,Absolute emissions reduction,2006,2020,28,percent,https://www.covenantofmayors.eu/about/covenant-community/signatories/action-plan.html?scity_id=19285,GCoMEC:v2
GCoMEC:EUCoM_pledge:BE ECH,BE ECH,Absolute emissions reduction,2011,2020,20,percent,https://www.covenantofmayors.eu/about/covenant-community/signatories/action-plan.html?scity_id=15530,GCoMEC:v2
GCoMEC:EUCoM_pledge:BE ECS,BE ECS,Absolute emissions reduction,2006,2030,63,percent,https://www.covenantofmayors.eu/about/covenant-community/signatories/action-plan.html?scity_id=20272,GCoMEC:v2
GCoMEC:EUCoM_pledge:BE FES,BE FES,Absolute emissions reduction,2006,2030,70,percent,,GCoMEC:v2
GCoMEC:EUCoM_pledge:BE FMA,BE FMA,Absolute emissions reduction,2006,2020,20,percent,https://www.covenantofmayors.eu/about/covenant-community/signatories/action-plan.html?scity_id=19372,GCoMEC:v2
GCoMEC:EUCoM_pledge:BE FME,BE FME,Absolute emissions reduction,2006,2030,40,percent,,GCoMEC:v2
GCoMEC:EUCoM_pledge:BE FRE,BE FRE,Absolute emissions reduction,2006,2030,48,percent,,GCoMEC:v2
GCoMEC:EUCoM_pledge:BE FRO,BE FRO,Absolute emissions reduction,2006,2030,44,percent,https://www.covenantofmayors.eu/about/covenant-community/signatories/action-plan.html?scity_id=19938,GCoMEC:v2
GCoMEC:EUCoM_pledge:BE GBE,BE GBE,Absolute emissions reduction,2011,2020,20,percent,https://www.covenantofmayors.eu/about/covenant-community/signatories/action-plan.html?scity_id=18573,GCoMEC:v2
GCoMEC:EUCoM_pledge:BE GED,BE GED,Absolute emissions reduction,2006,2030,40,percent,https://www.covenantofmayors.eu/about/covenant-community/signatories/action-plan.html?scity_id=19517,GCoMEC:v2
GCoMEC:EUCoM_pledge:BE GEE,BE GEE,Absolute emissions reduction,2006,2030,44,percent,https://www.covenantofmayors.eu/about/covenant-community/signatories/action-plan.html?scity_id=19823,GCoMEC:v2
GCoMEC:EUCoM_pledge:BE GHI,BE GHI,Absolute emissions reduction,2006,2030,40,percent,https://www.covenantofmayors.eu/about/covenant-community/signatories/action-plan.html?scity_id=19847,GCoMEC:v2
GCoMEC:EUCoM_pledge:BE GLO,BE GLO,Absolute emissions reduction,2011,2020,21,percent,https://www.covenantofmayors.eu/about/covenant-community/signatories/action-plan.html?scity_id=15233,GCoMEC:v2
GCoMEC:EUCoM_pledge:BE GNK,BE GNK,Absolute emissions reduction,2011,2020,20,percent,https://www.covenantofmayors.eu/about/covenant-community/signatories/action-plan.html?scity_id=11586,GCoMEC:v2
GCoMEC:EUCoM_pledge:BE GOK,BE GOK,Absolute emissions reduction,2011,2020,20,percent,https://www.covenantofmayors.eu/about/covenant-community/signatories/action-plan.html?scity_id=18615,GCoMEC:v2
GCoMEC:EUCoM_pledge:BE GPI,BE GPI,Absolute emissions reduction,2006,2030,43,percent,https://www.covenantofmayors.eu/about/covenant-community/signatories/action-plan.html?scity_id=20250,GCoMEC:v2
GCoMEC:EUCoM_pledge:BE GRB,BE GRB,Absolute emissions reduction,2011,2020,20,percent,https://www.covenantofmayors.eu/about/covenant-community/signatories/action-plan.html?scity_id=18575,GCoMEC:v2
GCoMEC:EUCoM_pledge:BE HAC,BE HAC,Absolute emissions reduction,2011,2020,20,percent,https://www.covenantofmayors.eu/about/covenant-community/signatories/action-plan.html?scity_id=18576,GCoMEC:v2
GCoMEC:EUCoM_pledge:BE HAH,BE HAH,Absolute emissions reduction,2011,2020,20,percent,https://www.covenantofmayors.eu/about/covenant-community/signatories/action-plan.html?scity_id=15237,GCoMEC:v2
GCoMEC:EUCoM_pledge:BE HAW,BE HAW,Absolute emissions reduction,2011,2020,20,percent,https://www.covenantofmayors.eu/about/covenant-community/signatories/action-plan.html?scity_id=15236,GCoMEC:v2
GCoMEC:EUCoM_pledge:BE HDG,BE HDG,Absolute emissions reduction,2011,2020,20,percent,https://www.covenantofmayors.eu/about/covenant-community/signatories/action-plan.html?scity_id=18582,GCoMEC:v2
GCoMEC:EUCoM_pledge:BE HEB,BE HEB,Absolute emissions reduction,2011,2020,20,percent,https://www.covenantofmayors.eu/about/covenant-community/signatories/action-plan.html?scity_id=18578,GCoMEC:v2
GCoMEC:EUCoM_pledge:BE HEK,BE HEK,Absolute emissions reduction,2011,2020,21,percent,https://www.covenantofmayors.eu/about/covenant-community/signatories/action-plan.html?scity_id=15238,GCoMEC:v2
GCoMEC:EUCoM_pledge:BE HEN,BE HEN,Absolute emissions reduction,2011,2020,20,percent,https://www.covenantofmayors.eu/about/covenant-community/signatories/action-plan.html?scity_id=18579,GCoMEC:v2
GCoMEC:EUCoM_pledge:BE HET,BE HET,Absolute emissions reduction,2011,2020,20,percent,https://www.covenantofmayors.eu/about/covenant-community/signatories/action-plan.html?scity_id=18578,GCoMEC:v2
GCoMEC:EUCoM_pledge:BE HFB,BE HFB,Absolute emissions reduction,2011,2020,20,percent,https://www.covenantofmayors.eu/about/covenant-community/signatories/action-plan.html?scity_id=18577,GCoMEC:v2
GCoMEC:EUCoM_pledge:BE HGD,BE HGD,Absolute emissions reduction,2011,2020,20,percent,https://www.covenantofmayors.eu/about/covenant-community/signatories/action-plan.html?scity_id=18580,GCoMEC:v2
GCoMEC:EUCoM_pledge:BE HHE,BE HHE,Absolute emissions reduction,2011,2020,20,percent,https://www.covenantofmayors.eu/about/covenant-community/signatories/action-plan.html?scity_id=15245,GCoMEC:v2
GCoMEC:EUCoM_pledge:BE HKA,BE HKA,Absolute emissions reduction,2011,2020,22,percent,https://www.covenantofmayors.eu/about/covenant-community/signatories/action-plan.html?scity_id=15240,GCoMEC:v2
GCoMEC:EUCoM_pledge:BE HLA,BE HLA,Absolute emissions reduction,2011,2020,25,percent,https://www.covenantofmayors.eu/about/covenant-community/signatories/action-plan.html?scity_id=15234,GCoMEC:v2
GCoMEC:EUCoM_pledge:BE HLL,BE HLL,Absolute emissions reduction,2011,2020,20,percent,https://www.covenantofmayors.eu/about/covenant-community/signatories/action-plan.html?scity_id=18577,GCoMEC:v2
GCoMEC:EUCoM_pledge:BE HNO,BE HNO,Absolute emissions reduction,2006,2030,56,percent,https://www.covenantofmayors.eu/about/covenant-community/signatories/action-plan.html?scity_id=20022,GCoMEC:v2
GCoMEC:EUCoM_pledge:BE HNU,BE HNU,Absolute emissions reduction,2006,2030,41,percent,https://www.covenantofmayors.eu/about/covenant-community/signatories/action-plan.html?scity_id=20016,GCoMEC:v2
GCoMEC:EUCoM_pledge:BE HOI,BE HOI,Absolute emissions reduction,2011,2020,20,percent,https://www.covenantofmayors.eu/about/covenant-community/signatories/action-plan.html?scity_id=18581,GCoMEC:v2
GCoMEC:EUCoM_pledge:BE HON,BE HON,Absolute emissions reduction,2006,2030,40,percent,https://www.covenantofmayors.eu/about/covenant-community/signatories/action-plan.html?scity_id=19736,GCoMEC:v2
GCoMEC:EUCoM_pledge:BE HSE,BE HSE,Absolute emissions reduction,2011,2020,20,percent,https://www.covenantofmayors.eu/about/covenant-community/signatories/action-plan.html?scity_id=15239,GCoMEC:v2
GCoMEC:EUCoM_pledge:BE HSS,BE HSS,Absolute emissions reduction,2011,2020,21,percent,https://www.covenantofmayors.eu/about/covenant-community/signatories/action-plan.html?scity_id=11588,GCoMEC:v2
GCoMEC:EUCoM_pledge:BE HUY,BE HUY,Absolute emissions reduction,2006,2030,40,percent,https://www.covenantofmayors.eu/about/covenant-community/signatories/action-plan.html?scity_id=19918,GCoMEC:v2
GCoMEC:EUCoM_pledge:BE HZO,BE HZO,Absolute emissions reduction,2011,2020,20,percent,https://www.covenantofmayors.eu/about/covenant-community/signatories/action-plan.html?scity_id=15242,GCoMEC:v2
GCoMEC:EUCoM_pledge:BE JHY,BE JHY,Absolute emissions reduction,2006,2030,50,percent,https://www.covenantofmayors.eu/about/covenant-community/signatories/action-plan.html?scity_id=20333,GCoMEC:v2
GCoMEC:EUCoM_pledge:BE KMH,BE KMH,Absolute emissions reduction,2011,2020,20,percent,https://www.covenantofmayors.eu/about/covenant-community/signatories/action-plan.html?scity_id=18583,GCoMEC:v2
GCoMEC:EUCoM_pledge:BE KRA,BE KRA,Absolute emissions reduction,2011,2020,20,percent,https://www.covenantofmayors.eu/about/covenant-community/signatories/action-plan.html?scity_id=18588,GCoMEC:v2
GCoMEC:EUCoM_pledge:BE KRO,BE KRO,Absolute emissions reduction,2011,2020,20,percent,https://www.covenantofmayors.eu/about/covenant-community/signatories/action-plan.html?scity_id=15246,GCoMEC:v2
GCoMEC:EUCoM_pledge:BE KTM,BE KTM,Absolute emissions reduction,2011,2020,21,percent,https://www.covenantofmayors.eu/about/covenant-community/signatories/action-plan.html?scity_id=15247,GCoMEC:v2
GCoMEC:EUCoM_pledge:BE LAD,BE LAD,Absolute emissions reduction,2011,2020,20,percent,https://www.covenantofmayors.eu/about/covenant-community/signatories/action-plan.html?scity_id=18589,GCoMEC:v2
GCoMEC:EUCoM_pledge:BE LAN,BE LAN,Absolute emissions reduction,2011,2020,20,percent,https://www.covenantofmayors.eu/about/covenant-community/signatories/action-plan.html?scity_id=15297,GCoMEC:v2
GCoMEC:EUCoM_pledge:BE LBK,BE LBK,Absolute emissions reduction,2011,2020,20,percent,https://www.covenantofmayors.eu/about/covenant-community/signatories/action-plan.html?scity_id=18616,GCoMEC:v2
GCoMEC:EUCoM_pledge:BE LCE,BE LCE,Absolute emissions reduction,2006,2030,66,percent,https://www.covenantofmayors.eu/about/covenant-community/signatories/action-plan.html?scity_id=19901,GCoMEC:v2
GCoMEC:EUCoM_pledge:BE LDK,BE LDK,Absolute emissions reduction,2011,2020,20,percent,https://www.covenantofmayors.eu/about/covenant-community/signatories/action-plan.html?scity_id=18594,GCoMEC:v2
GCoMEC:EUCoM_pledge:BE LEU,BE LEU,Absolute emissions reduction,2010,2020,22,percent,https://www.covenantofmayors.eu/about/covenant-community/signatories/action-plan.html?scity_id=14290,GCoMEC:v2
GCoMEC:EUCoM_pledge:BE LIK,BE LIK,Absolute emissions reduction,2011,2020,20,percent,https://www.covenantofmayors.eu/about/covenant-community/signatories/action-plan.html?scity_id=18642,GCoMEC:v2
GCoMEC:EUCoM_pledge:BE LIN,BE LIN,Absolute emissions reduction,2011,2020,20,percent,https://www.covenantofmayors.eu/about/covenant-community/signatories/action-plan.html?scity_id=18595,GCoMEC:v2
GCoMEC:EUCoM_pledge:BE LLO,BE LLO,Absolute emissions reduction,1990,2020,20,percent,https://www.covenantofmayors.eu/about/covenant-community/signatories/action-plan.html?scity_id=17024,GCoMEC:v2
GCoMEC:EUCoM_pledge:BE LML,BE LML,Absolute emissions reduction,2011,2020,21,percent,https://www.covenantofmayors.eu/about/covenant-community/signatories/action-plan.html?scity_id=15299,GCoMEC:v2
GCoMEC:EUCoM_pledge:BE LNX,BE LNX,Absolute emissions reduction,2006,2030,41,percent,https://www.covenantofmayors.eu/about/covenant-community/signatories/action-plan.html?scity_id=20207,GCoMEC:v2
GCoMEC:EUCoM_pledge:BE LNZ,BE LNZ,Absolute emissions reduction,2011,2020,20,percent,https://www.covenantofmayors.eu/about/covenant-community/signatories/action-plan.html?scity_id=18596,GCoMEC:v2
GCoMEC:EUCoM_pledge:BE LOH,BE LOH,Absolute emissions reduction,2011,2020,20,percent,https://www.covenantofmayors.eu/about/covenant-community/signatories/action-plan.html?scity_id=19247,GCoMEC:v2
GCoMEC:EUCoM_pledge:BE LRZ,BE LRZ,Absolute emissions reduction,2006,2030,63,percent,https://www.covenantofmayors.eu/about/covenant-community/signatories/action-plan.html?scity_id=19988,GCoMEC:v2
GCoMEC:EUCoM_pledge:BE LUM,BE LUM,Absolute emissions reduction,2011,2020,22,percent,https://www.covenantofmayors.eu/about/covenant-community/signatories/action-plan.html?scity_id=15300,GCoMEC:v2
GCoMEC:EUCoM_pledge:BE MAC,BE MAC,Absolute emissions reduction,2011,2020,20,percent,https://www.covenantofmayors.eu/about/covenant-community/signatories/action-plan.html?scity_id=18618,GCoMEC:v2
GCoMEC:EUCoM_pledge:BE MBW,BE MBW,Absolute emissions reduction,2006,2030,53,percent,https://www.covenantofmayors.eu/about/covenant-community/signatories/action-plan.html?scity_id=19672,GCoMEC:v2
GCoMEC:EUCoM_pledge:BE MCN,BE MCN,Absolute emissions reduction,2011,2020,20,percent,https://www.covenantofmayors.eu/about/covenant-community/signatories/action-plan.html?scity_id=18618,GCoMEC:v2
GCoMEC:EUCoM_pledge:BE MEC,BE MEC,Absolute emissions reduction,2011,2020,20,percent,https://www.covenantofmayors.eu/about/covenant-community/signatories/action-plan.html?scity_id=18622,GCoMEC:v2
GCoMEC:EUCoM_pledge:BE MGU,BE MGU,Absolute emissions reduction,2011,2020,21,percent,https://www.covenantofmayors.eu/about/covenant-community/signatories/action-plan.html?scity_id=15310,GCoMEC:v2
GCoMEC:EUCoM_pledge:BE MHA,BE MHA,Absolute emissions reduction,2011,2020,20,percent,https://www.covenantofmayors.eu/about/covenant-community/signatories/action-plan.html?scity_id=15236,GCoMEC:v2
GCoMEC:EUCoM_pledge:BE MIS,BE MIS,Absolute emissions reduction,2011,2020,20,percent,https://www.covenantofmayors.eu/about/covenant-community/signatories/action-plan.html?scity_id=18619,GCoMEC:v2
GCoMEC:EUCoM_pledge:BE MMN,BE MMN,Absolute emissions reduction,2011,2020,20,percent,https://www.covenantofmayors.eu/about/covenant-community/signatories/action-plan.html?scity_id=15309,GCoMEC:v2
GCoMEC:EUCoM_pledge:BE MSK,BE MSK,Absolute emissions reduction,2011,2020,20,percent,https://www.covenantofmayors.eu/about/covenant-community/signatories/action-plan.html?scity_id=15301,GCoMEC:v2
GCoMEC:EUCoM_pledge:BE MTA,BE MTA,Absolute emissions reduction,2006,2020,24,percent,,GCoMEC:v2
GCoMEC:EUCoM_pledge:BE NIV,BE NIV,Absolute emissions reduction,2006,2030,40,percent,https://www.covenantofmayors.eu/about/covenant-community/signatories/action-plan.html?scity_id=25150,GCoMEC:v2
GCoMEC:EUCoM_pledge:BE NNV,BE NNV,Absolute emissions reduction,2011,2020,21,percent,https://www.covenantofmayors.eu/about/covenant-community/signatories/action-plan.html?scity_id=19260,GCoMEC:v2
GCoMEC:EUCoM_pledge:BE NPE,BE NPE,Absolute emissions reduction,2006,2020,20,percent,https://www.covenantofmayors.eu/about/covenant-community/signatories/action-plan.html?scity_id=19302,GCoMEC:v2
GCoMEC:EUCoM_pledge:BE NRP,BE NRP,Absolute emissions reduction,2011,2020,22,percent,https://www.covenantofmayors.eu/about/covenant-community/signatories/action-plan.html?scity_id=15311,GCoMEC:v2
GCoMEC:EUCoM_pledge:BE NSO,BE NSO,Absolute emissions reduction,2006,2020,24,percent,https://www.covenantofmayors.eu/about/covenant-community/signatories/action-plan.html?scity_id=19335,GCoMEC:v2
GCoMEC:EUCoM_pledge:BE OBL,BE OBL,Absolute emissions reduction,2012,2030,40,percent,https://www.covenantofmayors.eu/about/covenant-community/signatories/action-plan.html?scity_id=20001,GCoMEC:v2
GCoMEC:EUCoM_pledge:BE OHE,BE OHE,Absolute emissions reduction,2011,2020,20,percent,https://www.covenantofmayors.eu/about/covenant-community/signatories/action-plan.html?scity_id=18624,GCoMEC:v2
GCoMEC:EUCoM_pledge:BE OIJ,BE OIJ,Absolute emissions reduction,2011,2020,20,percent,https://www.covenantofmayors.eu/about/covenant-community/signatories/action-plan.html?scity_id=18623,GCoMEC:v2
GCoMEC:EUCoM_pledge:BE OJA,BE OJA,Absolute emissions reduction,2006,2030,44,percent,https://www.covenantofmayors.eu/about/covenant-community/signatories/action-plan.html?scity_id=25075,GCoMEC:v2
GCoMEC:EUCoM_pledge:BE OPG,BE OPG,Absolute emissions reduction,2011,2020,20,percent,https://www.covenantofmayors.eu/about/covenant-community/signatories/action-plan.html?scity_id=15313,GCoMEC:v2
GCoMEC:EUCoM_pledge:BE OVE,BE OVE,Absolute emissions reduction,2011,2020,20,percent,https://www.covenantofmayors.eu/about/covenant-community/signatories/action-plan.html?scity_id=15314,GCoMEC:v2
GCoMEC:EUCoM_pledge:BE OVR,BE OVR,Absolute emissions reduction,2011,2020,20,percent,https://www.covenantofmayors.eu/about/covenant-community/signatories/action-plan.html?scity_id=18625,GCoMEC:v2
GCoMEC:EUCoM_pledge:BE PBI,BE PBI,Absolute emissions reduction,2006,2030,44,percent,https://www.covenantofmayors.eu/about/covenant-community/signatories/action-plan.html?scity_id=20010,GCoMEC:v2
GCoMEC:EUCoM_pledge:BE PCL,BE PCL,Absolute emissions reduction,2006,2030,50,percent,https://www.covenantofmayors.eu/about/covenant-community/signatories/action-plan.html?scity_id=20299,GCoMEC:v2
GCoMEC:EUCoM_pledge:BE PEE,BE PEE,Absolute emissions reduction,2011,2020,20,percent,https://www.covenantofmayors.eu/about/covenant-community/signatories/action-plan.html?scity_id=15315,GCoMEC:v2
GCoMEC:EUCoM_pledge:BE PEP,BE PEP,Absolute emissions reduction,2006,2030,40,percent,https://www.covenantofmayors.eu/about/covenant-community/signatories/action-plan.html?scity_id=19707,GCoMEC:v2
GCoMEC:EUCoM_pledge:BE PIN,BE PIN,Absolute emissions reduction,2011,2020,20,percent,https://www.covenantofmayors.eu/about/covenant-community/signatories/action-plan.html?scity_id=18626,GCoMEC:v2
GCoMEC:EUCoM_pledge:BE QRO,BE QRO,Absolute emissions reduction,2006,2030,46,percent,https://www.covenantofmayors.eu/about/covenant-community/signatories/action-plan.html?scity_id=19761,GCoMEC:v2
GCoMEC:EUCoM_pledge:BE QVA,BE QVA,Absolute emissions reduction,2006,2030,40,percent,https://www.covenantofmayors.eu/about/covenant-community/signatories/action-plan.html?scity_id=19882,GCoMEC:v2
GCoMEC:EUCoM_pledge:BE RBA,BE RBA,Absolute emissions reduction,2011,2020,20,percent,https://www.covenantofmayors.eu/about/covenant-community/signatories/action-plan.html?scity_id=18627,GCoMEC:v2
GCoMEC:EUCoM_pledge:BE RIN,BE RIN,Absolute emissions reduction,2011,2020,20,percent,https://www.covenantofmayors.eu/about/covenant-community/signatories/action-plan.html?scity_id=15226,GCoMEC:v2
GCoMEC:EUCoM_pledge:BE RIS,BE RIS,Absolute emissions reduction,2011,2020,20,percent,https://www.covenantofmayors.eu/about/covenant-community/signatories/action-plan.html?scity_id=15316,GCoMEC:v2
GCoMEC:EUCoM_pledge:BE SAV,BE SAV,Absolute emissions reduction,1990,2020,20,percent,https://www.covenantofmayors.eu/about/covenant-community/signatories/action-plan.html?scity_id=17342,GCoMEC:v2
GCoMEC:EUCoM_pledge:BE SHU,BE SHU,Absolute emissions reduction,2006,2020,30,percent,https://www.covenantofmayors.eu/about/covenant-community/signatories/action-plan.html?scity_id=18112,GCoMEC:v2
GCoMEC:EUCoM_pledge:BE SLT,BE SLT,Absolute emissions reduction,2006,2030,51,percent,https://www.covenantofmayors.eu/about/covenant-community/signatories/action-plan.html?scity_id=19674,GCoMEC:v2
GCoMEC:EUCoM_pledge:BE SMO,BE SMO,Absolute emissions reduction,2006,2030,41,percent,https://www.covenantofmayors.eu/about/covenant-community/signatories/action-plan.html?scity_id=19708,GCoMEC:v2
GCoMEC:EUCoM_pledge:BE SNK,BE SNK,Absolute emissions reduction,2011,2020,20,percent,https://www.covenantofmayors.eu/about/covenant-community/signatories/action-plan.html?scity_id=18014,GCoMEC:v2
GCoMEC:EUCoM_pledge:BE SOI,BE SOI,Absolute emissions reduction,2006,2030,44,percent,https://www.covenantofmayors.eu/about/covenant-community/signatories/action-plan.html?scity_id=20325,GCoMEC:v2
GCoMEC:EUCoM_pledge:BE SPT,BE SPT,Absolute emissions reduction,2011,2020,20,percent,https://www.covenantofmayors.eu/about/covenant-community/signatories/action-plan.html?scity_id=18630,GCoMEC:v2
GCoMEC:EUCoM_pledge:BE SPU,BE SPU,Absolute emissions reduction,2011,2020,20,percent,https://www.covenantofmayors.eu/about/covenant-community/signatories/action-plan.html?scity_id=18628,GCoMEC:v2
GCoMEC:EUCoM_pledge:BE STR,BE STR,Absolute emissions reduction,2011,2020,20,percent,https://www.covenantofmayors.eu/about/covenant-community/signatories/action-plan.html?scity_id=15317,GCoMEC:v2
GCoMEC:EUCoM_pledge:BE SYR,BE SYR,Absolute emissions reduction,2006,2020,33,percent,https://www.covenantofmayors.eu/about/covenant-community/signatories/action-plan.html?scity_id=12446,GCoMEC:v2
GCoMEC:EUCoM_pledge:BE TEN,BE TEN,Absolute emissions reduction,2011,2020,20,percent,https://www.covenantofmayors.eu/about/covenant-community/signatories/action-plan.html?scity_id=18633,GCoMEC:v2
GCoMEC:EUCoM_pledge:BE TER,BE TER,Absolute emissions reduction,2011,2020,20,percent,https://www.covenantofmayors.eu/about/covenant-community/signatories/action-plan.html?scity_id=18632,GCoMEC:v2
GCoMEC:EUCoM_pledge:BE TES,BE TES,Absolute emissions reduction,2011,2020,21,percent,https://www.covenantofmayors.eu/about/covenant-community/signatories/action-plan.html?scity_id=15318,GCoMEC:v2
GCoMEC:EUCoM_pledge:BE THU,BE THU,Absolute emissions reduction,2006,2020,23,percent,https://www.covenantofmayors.eu/about/covenant-community/signatories/action-plan.html?scity_id=19274,GCoMEC:v2
GCoMEC:EUCoM_pledge:BE TIE,BE TIE,Absolute emissions reduction,2011,2020,20,percent,https://www.covenantofmayors.eu/about/covenant-community/signatories/action-plan.html?scity_id=18635,GCoMEC:v2
GCoMEC:EUCoM_pledge:BE TMO,BE TMO,Absolute emissions reduction,2011,2020,20,percent,https://www.covenantofmayors.eu/about/covenant-community/signatories/action-plan.html?scity_id=18636,GCoMEC:v2
GCoMEC:EUCoM_pledge:BE TON,BE TON,Absolute emissions reduction,2011,2020,20,percent,https://www.covenantofmayors.eu/about/covenant-community/signatories/action-plan.html?scity_id=15319,GCoMEC:v2
GCoMEC:EUCoM_pledge:BE TVL,BE TVL,Absolute emissions reduction,2006,2020,26,percent,https://www.covenantofmayors.eu/about/covenant-community/signatories/action-plan.html?scity_id=19313,GCoMEC:v2
GCoMEC:EUCoM_pledge:BE TWI,BE TWI,Absolute emissions reduction,2011,2020,20,percent,https://www.covenantofmayors.eu/about/covenant-community/signatories/action-plan.html?scity_id=18634,GCoMEC:v2
GCoMEC:EUCoM_pledge:BE VER,BE VER,Absolute emissions reduction,2006,2030,40,percent,https://www.covenantofmayors.eu/about/covenant-community/signatories/action-plan.html?scity_id=25173,GCoMEC:v2
GCoMEC:EUCoM_pledge:BE VIL,BE VIL,Absolute emissions reduction,2011,2020,22,percent,https://www.covenantofmayors.eu/about/covenant-community/signatories/action-plan.html?scity_id=18637,GCoMEC:v2
GCoMEC:EUCoM_pledge:BE WAN,BE WAN,Absolute emissions reduction,2006,2020,25,percent,https://www.covenantofmayors.eu/about/covenant-community/signatories/action-plan.html?scity_id=15748,GCoMEC:v2
GCoMEC:EUCoM_pledge:BE WEL,BE WEL,Absolute emissions reduction,2011,2020,20,percent,https://www.covenantofmayors.eu/about/covenant-community/signatories/action-plan.html?scity_id=15321,GCoMEC:v2
GCoMEC:EUCoM_pledge:BE WIM,BE WIM,Absolute emissions reduction,2006,2030,63,percent,https://www.covenantofmayors.eu/about/covenant-community/signatories/action-plan.html?scity_id=19673,GCoMEC:v2
GCoMEC:EUCoM_pledge:BE WKD,BE WKD,Absolute emissions reduction,2006,2030,40,percent,https://www.covenantofmayors.eu/about/covenant-community/signatories/action-plan.html?scity_id=19448,GCoMEC:v2
GCoMEC:EUCoM_pledge:BE ZAV,BE ZAV,Absolute emissions reduction,2011,2020,20,percent,https://www.covenantofmayors.eu/about/covenant-community/signatories/action-plan.html?scity_id=18540,GCoMEC:v2
GCoMEC:EUCoM_pledge:BE ZHV,BE ZHV,Absolute emissions reduction,2011,2020,20,percent,https://www.covenantofmayors.eu/about/covenant-community/signatories/action-plan.html?scity_id=15322,GCoMEC:v2
GCoMEC:EUCoM_pledge:BE ZOU,BE ZOU,Absolute emissions reduction,2011,2020,20,percent,https://www.covenantofmayors.eu/about/covenant-community/signatories/action-plan.html?scity_id=18640,GCoMEC:v2
GCoMEC:EUCoM_pledge:BE ZTL,BE ZTL,Absolute emissions reduction,2011,2020,21,percent,https://www.covenantofmayors.eu/about/covenant-community/signatories/action-plan.html?scity_id=15323,GCoMEC:v2
GCoMEC:EUCoM_pledge:BG AND,BG AND,Absolute emissions reduction,2007,2020,28,percent,https://www.covenantofmayors.eu/about/covenant-community/signatories/action-plan.html?scity_id=15073,GCoMEC:v2
GCoMEC:EUCoM_pledge:BG DOD,BG DOD,Absolute emissions reduction,2000,2020,25,percent,https://www.covenantofmayors.eu/about/covenant-community/signatories/action-plan.html?scity_id=11591,GCoMEC:v2
GCoMEC:EUCoM_pledge:BG GAV,BG GAV,Absolute emissions reduction,2008,2020,24,percent,https://www.covenantofmayors.eu/about/covenant-community/signatories/action-plan.html?scity_id=17383,GCoMEC:v2
GCoMEC:EUCoM_pledge:BG KBR,BG KBR,Absolute emissions reduction,2006,2020,25,percent,https://www.covenantofmayors.eu/about/covenant-community/signatories/action-plan.html?scity_id=16452,GCoMEC:v2
GCoMEC:EUCoM_pledge:BG PEG,BG PEG,Absolute emissions reduction,2003,2020,49,percent,,GCoMEC:v2
GCoMEC:EUCoM_pledge:BG SOF,BG SOF,Absolute emissions reduction,2007,2020,22,percent,https://www.covenantofmayors.eu/about/covenant-community/signatories/action-plan.html?scity_id=14276,GCoMEC:v2
GCoMEC:EUCoM_pledge:BY NHK,BY NHK,Absolute emissions reduction,2010,2020,20,percent,https://www.covenantofmayors.eu/about/covenant-community/signatories/action-plan.html?scity_id=16499,GCoMEC:v2
GCoMEC:EUCoM_pledge:CH LAU,CH LAU,Absolute emissions reduction,2005,2020,20,percent,https://www.covenantofmayors.eu/about/covenant-community/signatories/action-plan.html?scity_id=11594,GCoMEC:v2
GCoMEC:EUCoM_pledge:CH MNT,CH MNT,Absolute emissions reduction,2000,2020,25,percent,https://www.covenantofmayors.eu/about/covenant-community/signatories/action-plan.html?scity_id=12857,GCoMEC:v2
GCoMEC:EUCoM_pledge:CH ZKZ,CH ZKZ,Absolute emissions reduction,1999,2020,20,percent,https://www.covenantofmayors.eu/about/covenant-community/signatories/action-plan.html?scity_id=12900,GCoMEC:v2
GCoMEC:EUCoM_pledge:CY LCA,CY LCA,Absolute emissions reduction,2009,2020,40,percent,https://www.covenantofmayors.eu/about/covenant-community/signatories/action-plan.html?scity_id=12939,GCoMEC:v2
GCoMEC:EUCoM_pledge:CZ CHR,CZ CHR,Absolute emissions reduction,2000,2020,20,percent,https://www.covenantofmayors.eu/about/covenant-community/signatories/action-plan.html?scity_id=19269,GCoMEC:v2
GCoMEC:EUCoM_pledge:CZ LBR,CZ LBR,Absolute emissions reduction,2000,2030,40,percent,https://www.covenantofmayors.eu/about/covenant-community/signatories/action-plan.html?scity_id=19398,GCoMEC:v2
GCoMEC:EUCoM_pledge:CZ LTC,CZ LTC,Absolute emissions reduction,2005,2030,41,percent,https://www.covenantofmayors.eu/about/covenant-community/signatories/action-plan.html?scity_id=19394,GCoMEC:v2
GCoMEC:EUCoM_pledge:CZ OSR,CZ OSR,Absolute emissions reduction,2000,2020,25,percent,https://www.covenantofmayors.eu/about/covenant-community/signatories/action-plan.html?scity_id=14858,GCoMEC:v2
GCoMEC:EUCoM_pledge:DE 6B5,DE 6B5,Absolute emissions reduction,1996,2020,25,percent,https://www.covenantofmayors.eu/about/covenant-community/signatories/action-plan.html?scity_id=12849,GCoMEC:v2
GCoMEC:EUCoM_pledge:DE 76C,DE 76C,Absolute emissions reduction,1992,2020,29,percent,https://www.covenantofmayors.eu/about/covenant-community/signatories/action-plan.html?scity_id=12330,GCoMEC:v2
GCoMEC:EUCoM_pledge:DE AAH,DE AAH,Absolute emissions reduction,1990,2020,40,percent,https://www.covenantofmayors.eu/about/covenant-community/signatories/action-plan.html?scity_id=11599,GCoMEC:v2
GCoMEC:EUCoM_pledge:DE BER,DE BER,Absolute emissions reduction,1990,2020,40,percent,,GCoMEC:v2
GCoMEC:EUCoM_pledge:DE BOE,DE BOE,Absolute emissions reduction,2008,2020,20,percent,https://www.covenantofmayors.eu/about/covenant-community/signatories/action-plan.html?scity_id=19693,GCoMEC:v2
GCoMEC:EUCoM_pledge:DE BON,DE BON,Absolute emissions reduction,1990,2020,20,percent,https://www.covenantofmayors.eu/about/covenant-community/signatories/action-plan.html?scity_id=12084,GCoMEC:v2
GCoMEC:EUCoM_pledge:DE BOT,DE BOT,Absolute emissions reduction,2009,2020,35,percent,https://www.covenantofmayors.eu/about/covenant-community/signatories/action-plan.html?scity_id=14406,GCoMEC:v2
GCoMEC:EUCoM_pledge:DE BRE,DE BRE,Absolute emissions reduction,1990,2020,40,percent,https://www.covenantofmayors.eu/about/covenant-community/signatories/action-plan.html?scity_id=11601,GCoMEC:v2
GCoMEC:EUCoM_pledge:DE BWU,DE BWU,Absolute emissions reduction,2008,2020,20,percent,https://www.covenantofmayors.eu/about/covenant-community/signatories/action-plan.html?scity_id=19693,GCoMEC:v2
GCoMEC:EUCoM_pledge:DE DRS,DE DRS,Absolute emissions reduction,2005,2030,41,percent,https://www.covenantofmayors.eu/about/covenant-community/signatories/action-plan.html?scity_id=19818,GCoMEC:v2
GCoMEC:EUCoM_pledge:DE DTM,DE DTM,Absolute emissions reduction,1990,2020,40,percent,https://www.covenantofmayors.eu/about/covenant-community/signatories/action-plan.html?scity_id=11602,GCoMEC:v2
GCoMEC:EUCoM_pledge:DE DUI,DE DUI,Absolute emissions reduction,1990,2020,40,percent,https://www.covenantofmayors.eu/about/covenant-community/signatories/action-plan.html?scity_id=13040,GCoMEC:v2
GCoMEC:EUCoM_pledge:DE DUS,DE DUS,Absolute emissions reduction,1990,2020,46,percent,https://www.covenantofmayors.eu/about/covenant-community/signatories/action-plan.html?scity_id=13477,GCoMEC:v2
GCoMEC:EUCoM_pledge:DE EEN,DE EEN,Absolute emissions reduction,1990,2020,40,percent,https://www.covenantofmayors.eu/about/covenant-community/signatories/action-plan.html?scity_id=13696,GCoMEC:v2
GCoMEC:EUCoM_pledge:DE ESL,DE ESL,Absolute emissions reduction,2007,2020,25,percent,https://www.covenantofmayors.eu/about/covenant-community/signatories/action-plan.html?scity_id=13798,GCoMEC:v2
GCoMEC:EUCoM_pledge:DE ESS,DE ESS,Absolute emissions reduction,1990,2020,40,percent,https://www.covenantofmayors.eu/about/covenant-community/signatories/action-plan.html?scity_id=13696,GCoMEC:v2
GCoMEC:EUCoM_pledge:DE FDH,DE FDH,Absolute emissions reduction,1990,2020,20,percent,https://www.covenantofmayors.eu/about/covenant-community/signatories/action-plan.html?scity_id=14576,GCoMEC:v2
GCoMEC:EUCoM_pledge:DE FEL,DE FEL,Absolute emissions reduction,2005,2020,35,percent,https://www.covenantofmayors.eu/about/covenant-community/signatories/action-plan.html?scity_id=12165,GCoMEC:v2
GCoMEC:EUCoM_pledge:DE FTX,DE FTX,Absolute emissions reduction,1990,2020,20,percent,https://www.covenantofmayors.eu/about/covenant-community/signatories/action-plan.html?scity_id=13745,GCoMEC:v2
GCoMEC:EUCoM_pledge:DE GLB,DE GLB,Absolute emissions reduction,1990,2020,30,percent,https://www.covenantofmayors.eu/about/covenant-community/signatories/action-plan.html?scity_id=15377,GCoMEC:v2
GCoMEC:EUCoM_pledge:DE HAJ,DE HAJ,Absolute emissions reduction,1990,2020,40,percent,https://www.covenantofmayors.eu/about/covenant-community/signatories/action-plan.html?scity_id=11608,GCoMEC:v2
GCoMEC:EUCoM_pledge:DE HAM,DE HAM,Absolute emissions reduction,1990,2020,40,percent,https://www.covenantofmayors.eu/about/covenant-community/signatories/action-plan.html?scity_id=11606,GCoMEC:v2
GCoMEC:EUCoM_pledge:DE HAU,DE HAU,Absolute emissions reduction,2009,2020,20,percent,https://www.covenantofmayors.eu/about/covenant-community/signatories/action-plan.html?scity_id=11607,GCoMEC:v2
GCoMEC:EUCoM_pledge:DE HEI,DE HEI,Absolute emissions reduction,1993,2020,20,percent,https://www.covenantofmayors.eu/about/covenant-community/signatories/action-plan.html?scity_id=11609,GCoMEC:v2
GCoMEC:EUCoM_pledge:DE HRT,DE HRT,Absolute emissions reduction,1990,2020,27,percent,https://www.covenantofmayors.eu/about/covenant-community/signatories/action-plan.html?scity_id=13679,GCoMEC:v2
GCoMEC:EUCoM_pledge:DE LOE,DE LOE,Absolute emissions reduction,1990,2020,48,percent,https://www.covenantofmayors.eu/about/covenant-community/signatories/action-plan.html?scity_id=12844,GCoMEC:v2
GCoMEC:EUCoM_pledge:DE LUG,DE LUG,Absolute emissions reduction,2007,2020,20,percent,https://www.covenantofmayors.eu/about/covenant-community/signatories/action-plan.html?scity_id=15400,GCoMEC:v2
GCoMEC:EUCoM_pledge:DE LUH,DE LUH,Absolute emissions reduction,1995,2020,22,percent,https://www.covenantofmayors.eu/about/covenant-community/signatories/action-plan.html?scity_id=14286,GCoMEC:v2
GCoMEC:EUCoM_pledge:DE LWG,DE LWG,Absolute emissions reduction,2007,2020,20,percent,https://www.covenantofmayors.eu/about/covenant-community/signatories/action-plan.html?scity_id=15400,GCoMEC:v2
GCoMEC:EUCoM_pledge:DE MHG,DE MHG,Absolute emissions reduction,1990,2020,40,percent,https://www.covenantofmayors.eu/about/covenant-community/signatories/action-plan.html?scity_id=13337,GCoMEC:v2
GCoMEC:EUCoM_pledge:DE MSR,DE MSR,Absolute emissions reduction,1990,2020,40,percent,https://www.covenantofmayors.eu/about/covenant-community/signatories/action-plan.html?scity_id=11614,GCoMEC:v2
GCoMEC:EUCoM_pledge:DE MUS,DE MUS,Absolute emissions reduction,1990,2020,40,percent,https://www.covenantofmayors.eu/about/covenant-community/signatories/action-plan.html?scity_id=11614,GCoMEC:v2
GCoMEC:EUCoM_pledge:DE NET,DE NET,Absolute emissions reduction,1990,2020,52,percent,https://www.covenantofmayors.eu/about/covenant-community/signatories/action-plan.html?scity_id=11615,GCoMEC:v2
GCoMEC:EUCoM_pledge:DE NUE,DE NUE,Absolute emissions reduction,1990,2020,40,percent,https://www.covenantofmayors.eu/about/covenant-community/signatories/action-plan.html?scity_id=11616,GCoMEC:v2
GCoMEC:EUCoM_pledge:DE ONU,DE ONU,Absolute emissions reduction,1990,2020,40,percent,https://www.covenantofmayors.eu/about/covenant-community/signatories/action-plan.html?scity_id=13696,GCoMEC:v2
GCoMEC:EUCoM_pledge:DE PFO,DE PFO,Absolute emissions reduction,1990,2020,35,percent,https://www.covenantofmayors.eu/about/covenant-community/signatories/action-plan.html?scity_id=11617,GCoMEC:v2
GCoMEC:EUCoM_pledge:DE RME,DE RME,Absolute emissions reduction,1990,2020,40,percent,https://www.covenantofmayors.eu/about/covenant-community/signatories/action-plan.html?scity_id=11601,GCoMEC:v2
GCoMEC:EUCoM_pledge:DE SSK,DE SSK,Absolute emissions reduction,2007,2020,25,percent,https://www.covenantofmayors.eu/about/covenant-community/signatories/action-plan.html?scity_id=13798,GCoMEC:v2
GCoMEC:EUCoM_pledge:DE STR,DE STR,Absolute emissions reduction,1990,2020,20,percent,https://www.covenantofmayors.eu/about/covenant-community/signatories/action-plan.html?scity_id=11619,GCoMEC:v2
GCoMEC:EUCoM_pledge:DE WOB,DE WOB,Absolute emissions reduction,2000,2020,20,percent,https://www.covenantofmayors.eu/about/covenant-community/signatories/action-plan.html?scity_id=13191,GCoMEC:v2
GCoMEC:EUCoM_pledge:DE WOR,DE WOR,Absolute emissions reduction,2004,2020,20,percent,https://www.covenantofmayors.eu/about/covenant-community/signatories/action-plan.html?scity_id=13275,GCoMEC:v2
GCoMEC:EUCoM_pledge:DK AAL,DK AAL,Absolute emissions reduction,1990,2020,40,percent,https://www.covenantofmayors.eu/about/covenant-community/signatories/action-plan.html?scity_id=18362,GCoMEC:v2
GCoMEC:EUCoM_pledge:DK AAR,DK AAR,Absolute emissions reduction,2009,2020,20,percent,https://www.covenantofmayors.eu/about/covenant-community/signatories/action-plan.html?scity_id=11621,GCoMEC:v2
GCoMEC:EUCoM_pledge:DK HSB,DK HSB,Absolute emissions reduction,2007,2020,23,percent,https://www.covenantofmayors.eu/about/covenant-community/signatories/action-plan.html?scity_id=15706,GCoMEC:v2
GCoMEC:EUCoM_pledge:DK RNG,DK RNG,Absolute emissions reduction,2008,2020,20,percent,https://www.covenantofmayors.eu/about/covenant-community/signatories/action-plan.html?scity_id=12592,GCoMEC:v2
GCoMEC:EUCoM_pledge:DK SGD,DK SGD,Absolute emissions reduction,2007,2020,50,percent,https://www.covenantofmayors.eu/about/covenant-community/signatories/action-plan.html?scity_id=15914,GCoMEC:v2
GCoMEC:EUCoM_pledge:DK SLG,DK SLG,Absolute emissions reduction,1990,2020,20,percent,https://www.covenantofmayors.eu/about/covenant-community/signatories/action-plan.html?scity_id=12730,GCoMEC:v2
GCoMEC:EUCoM_pledge:DK VOR,DK VOR,Absolute emissions reduction,2008,2020,20,percent,https://www.covenantofmayors.eu/about/covenant-community/signatories/action-plan.html?scity_id=12524,GCoMEC:v2
GCoMEC:EUCoM_pledge:EE RAK,EE RAK,Absolute emissions reduction,2008,2020,47,percent,https://www.covenantofmayors.eu/about/covenant-community/signatories/action-plan.html?scity_id=12085,GCoMEC:v2
GCoMEC:EUCoM_pledge:EE TLL,EE TLL,Absolute emissions reduction,2007,2020,20,percent,https://www.covenantofmayors.eu/about/covenant-community/signatories/action-plan.html?scity_id=11947,GCoMEC:v2
GCoMEC:EUCoM_pledge:ES 2GL,ES 2GL,Absolute emissions reduction,2007,2020,35,percent,https://www.covenantofmayors.eu/about/covenant-community/signatories/action-plan.html?scity_id=13108,GCoMEC:v2
GCoMEC:EUCoM_pledge:ES 9BJ,ES 9BJ,Absolute emissions reduction,2005,2020,20,percent,https://www.covenantofmayors.eu/about/covenant-community/signatories/action-plan.html?scity_id=11732,GCoMEC:v2
GCoMEC:EUCoM_pledge:ES A8D,ES A8D,Absolute emissions reduction,2005,2020,23,percent,https://www.covenantofmayors.eu/about/covenant-community/signatories/action-plan.html?scity_id=13994,GCoMEC:v2
GCoMEC:EUCoM_pledge:ES AAH,ES AAH,Absolute emissions reduction,2007,2020,20,percent,https://www.covenantofmayors.eu/about/covenant-community/signatories/action-plan.html?scity_id=13364,GCoMEC:v2
GCoMEC:EUCoM_pledge:ES AAR,ES AAR,Absolute emissions reduction,2005,2020,20,percent,https://www.covenantofmayors.eu/about/covenant-community/signatories/action-plan.html?scity_id=15127,GCoMEC:v2
GCoMEC:EUCoM_pledge:ES AB2,ES AB2,Absolute emissions reduction,2007,2020,23,percent,https://www.covenantofmayors.eu/about/covenant-community/signatories/action-plan.html?scity_id=12298,GCoMEC:v2
GCoMEC:EUCoM_pledge:ES ABE,ES ABE,Absolute emissions reduction,2005,2020,20,percent,https://www.covenantofmayors.eu/about/covenant-community/signatories/action-plan.html?scity_id=12991,GCoMEC:v2
GCoMEC:EUCoM_pledge:ES AC2,ES AC2,Absolute emissions reduction,2007,2020,20,percent,https://www.covenantofmayors.eu/about/covenant-community/signatories/action-plan.html?scity_id=12415,GCoMEC:v2
GCoMEC:EUCoM_pledge:ES ACB,ES ACB,Absolute emissions reduction,2007,2020,25,percent,https://www.covenantofmayors.eu/about/covenant-community/signatories/action-plan.html?scity_id=13367,GCoMEC:v2
GCoMEC:EUCoM_pledge:ES ACN,ES ACN,Absolute emissions reduction,2007,2020,29,percent,https://www.covenantofmayors.eu/about/covenant-community/signatories/action-plan.html?scity_id=11630,GCoMEC:v2
GCoMEC:EUCoM_pledge:ES ADC,ES ADC,Absolute emissions reduction,2010,2030,40,percent,https://www.covenantofmayors.eu/about/covenant-community/signatories/action-plan.html?scity_id=19735,GCoMEC:v2
GCoMEC:EUCoM_pledge:ES ADP,ES ADP,Absolute emissions reduction,2007,2020,20,percent,https://www.covenantofmayors.eu/about/covenant-community/signatories/action-plan.html?scity_id=12919,GCoMEC:v2
GCoMEC:EUCoM_pledge:ES ADR,ES ADR,Absolute emissions reduction,2007,2020,28,percent,https://www.covenantofmayors.eu/about/covenant-community/signatories/action-plan.html?scity_id=12327,GCoMEC:v2
GCoMEC:EUCoM_pledge:ES AEO,ES AEO,Absolute emissions reduction,2007,2020,21,percent,https://www.covenantofmayors.eu/about/covenant-community/signatories/action-plan.html?scity_id=11626,GCoMEC:v2
GCoMEC:EUCoM_pledge:ES AES,ES AES,Absolute emissions reduction,2007,2020,20,percent,https://www.covenantofmayors.eu/about/covenant-community/signatories/action-plan.html?scity_id=13028,GCoMEC:v2
GCoMEC:EUCoM_pledge:ES AFF,ES AFF,Absolute emissions reduction,2007,2020,20,percent,https://www.covenantofmayors.eu/about/covenant-community/signatories/action-plan.html?scity_id=15086,GCoMEC:v2
GCoMEC:EUCoM_pledge:ES AFR,ES AFR,Absolute emissions reduction,2007,2020,31,percent,https://www.covenantofmayors.eu/about/covenant-community/signatories/action-plan.html?scity_id=13217,GCoMEC:v2
GCoMEC:EUCoM_pledge:ES AGP,ES AGP,Absolute emissions reduction,2008,2020,20,percent,https://www.covenantofmayors.eu/about/covenant-community/signatories/action-plan.html?scity_id=11697,GCoMEC:v2
GCoMEC:EUCoM_pledge:ES AHA,ES AHA,Absolute emissions reduction,2007,2020,22,percent,https://www.covenantofmayors.eu/about/covenant-community/signatories/action-plan.html?scity_id=12292,GCoMEC:v2
GCoMEC:EUCoM_pledge:ES AHI,ES AHI,Absolute emissions reduction,2007,2020,23,percent,https://www.covenantofmayors.eu/about/covenant-community/signatories/action-plan.html?scity_id=13747,GCoMEC:v2
GCoMEC:EUCoM_pledge:ES AHZ,ES AHZ,Absolute emissions reduction,2007,2020,27,percent,https://www.covenantofmayors.eu/about/covenant-community/signatories/action-plan.html?scity_id=13074,GCoMEC:v2
GCoMEC:EUCoM_pledge:ES AIA,ES AIA,Absolute emissions reduction,2007,2020,26,percent,https://www.covenantofmayors.eu/about/covenant-community/signatories/action-plan.html?scity_id=15121,GCoMEC:v2
GCoMEC:EUCoM_pledge:ES AJG,ES AJG,Absolute emissions reduction,2007,2020,20,percent,https://www.covenantofmayors.eu/about/covenant-community/signatories/action-plan.html?scity_id=13127,GCoMEC:v2
GCoMEC:EUCoM_pledge:ES AKA,ES AKA,Absolute emissions reduction,2007,2020,22,percent,https://www.covenantofmayors.eu/about/covenant-community/signatories/action-plan.html?scity_id=12056,GCoMEC:v2
GCoMEC:EUCoM_pledge:ES AKC,ES AKC,Absolute emissions reduction,2007,2020,34,percent,https://www.covenantofmayors.eu/about/covenant-community/signatories/action-plan.html?scity_id=12062,GCoMEC:v2
GCoMEC:EUCoM_pledge:ES AKM,ES AKM,Absolute emissions reduction,2007,2020,23,percent,https://www.covenantofmayors.eu/about/covenant-community/signatories/action-plan.html?scity_id=13068,GCoMEC:v2
GCoMEC:EUCoM_pledge:ES AKQ,ES AKQ,Absolute emissions reduction,2007,2020,20,percent,https://www.covenantofmayors.eu/about/covenant-community/signatories/action-plan.html?scity_id=12415,GCoMEC:v2
GCoMEC:EUCoM_pledge:ES ALD,ES ALD,Absolute emissions reduction,2005,2030,42,percent,https://www.covenantofmayors.eu/about/covenant-community/signatories/action-plan.html?scity_id=20434,GCoMEC:v2
GCoMEC:EUCoM_pledge:ES ALG,ES ALG,Absolute emissions reduction,2007,2020,20,percent,https://www.covenantofmayors.eu/about/covenant-community/signatories/action-plan.html?scity_id=11624,GCoMEC:v2
GCoMEC:EUCoM_pledge:ES ALK,ES ALK,Absolute emissions reduction,2005,2030,42,percent,https://www.covenantofmayors.eu/about/covenant-community/signatories/action-plan.html?scity_id=20434,GCoMEC:v2
GCoMEC:EUCoM_pledge:ES AMU,ES AMU,Absolute emissions reduction,2006,2020,26,percent,https://www.covenantofmayors.eu/about/covenant-community/signatories/action-plan.html?scity_id=16070,GCoMEC:v2
GCoMEC:EUCoM_pledge:ES ANT,ES ANT,Absolute emissions reduction,2005,2020,21,percent,https://www.covenantofmayors.eu/about/covenant-community/signatories/action-plan.html?scity_id=15791,GCoMEC:v2
GCoMEC:EUCoM_pledge:ES AOS,ES AOS,Absolute emissions reduction,2007,2020,27,percent,https://www.covenantofmayors.eu/about/covenant-community/signatories/action-plan.html?scity_id=12932,GCoMEC:v2
GCoMEC:EUCoM_pledge:ES AOT,ES AOT,Absolute emissions reduction,2010,2030,40,percent,https://www.covenantofmayors.eu/about/covenant-community/signatories/action-plan.html?scity_id=19783,GCoMEC:v2
GCoMEC:EUCoM_pledge:ES APE,ES APE,Absolute emissions reduction,2007,2020,20,percent,https://www.covenantofmayors.eu/about/covenant-community/signatories/action-plan.html?scity_id=13030,GCoMEC:v2
GCoMEC:EUCoM_pledge:ES AQR,ES AQR,Absolute emissions reduction,2007,2020,20,percent,https://www.covenantofmayors.eu/about/covenant-community/signatories/action-plan.html?scity_id=13072,GCoMEC:v2
GCoMEC:EUCoM_pledge:ES AQW,ES AQW,Absolute emissions reduction,2009,2020,22,percent,https://www.covenantofmayors.eu/about/covenant-community/signatories/action-plan.html?scity_id=15921,GCoMEC:v2
GCoMEC:EUCoM_pledge:ES AR8,ES AR8,Absolute emissions reduction,2007,2020,25,percent,https://www.covenantofmayors.eu/about/covenant-community/signatories/action-plan.html?scity_id=13066,GCoMEC:v2
GCoMEC:EUCoM_pledge:ES ARN,ES ARN,Absolute emissions reduction,2005,2020,22,percent,https://www.covenantofmayors.eu/about/covenant-community/signatories/action-plan.html?scity_id=12969,GCoMEC:v2
GCoMEC:EUCoM_pledge:ES ARQ,ES ARQ,Absolute emissions reduction,2007,2020,24,percent,https://www.covenantofmayors.eu/about/covenant-community/signatories/action-plan.html?scity_id=15878,GCoMEC:v2
GCoMEC:EUCoM_pledge:ES AUT,ES AUT,Absolute emissions reduction,2005,2020,21,percent,https://www.covenantofmayors.eu/about/covenant-community/signatories/action-plan.html?scity_id=12732,GCoMEC:v2
GCoMEC:EUCoM_pledge:ES AXZ,ES AXZ,Absolute emissions reduction,2007,2020,30,percent,https://www.covenantofmayors.eu/about/covenant-community/signatories/action-plan.html?scity_id=12300,GCoMEC:v2
GCoMEC:EUCoM_pledge:ES AYA,ES AYA,Absolute emissions reduction,2007,2020,20,percent,https://www.covenantofmayors.eu/about/covenant-community/signatories/action-plan.html?scity_id=11634,GCoMEC:v2
GCoMEC:EUCoM_pledge:ES BAA,ES BAA,Absolute emissions reduction,2007,2020,20,percent,https://www.covenantofmayors.eu/about/covenant-community/signatories/action-plan.html?scity_id=14313,GCoMEC:v2
GCoMEC:EUCoM_pledge:ES BAD,ES BAD,Absolute emissions reduction,2005,2020,20,percent,https://www.covenantofmayors.eu/about/covenant-community/signatories/action-plan.html?scity_id=11635,GCoMEC:v2
GCoMEC:EUCoM_pledge:ES BAI,ES BAI,Absolute emissions reduction,2007,2020,20,percent,https://www.covenantofmayors.eu/about/covenant-community/signatories/action-plan.html?scity_id=12774,GCoMEC:v2
GCoMEC:EUCoM_pledge:ES BAS,ES BAS,Absolute emissions reduction,2007,2020,33,percent,https://www.covenantofmayors.eu/about/covenant-community/signatories/action-plan.html?scity_id=13693,GCoMEC:v2
GCoMEC:EUCoM_pledge:ES BCA,ES BCA,Absolute emissions reduction,2005,2020,20,percent,https://www.covenantofmayors.eu/about/covenant-community/signatories/action-plan.html?scity_id=17792,GCoMEC:v2
GCoMEC:EUCoM_pledge:ES BCN,ES BCN,Absolute emissions reduction,2008,2020,23,percent,https://www.covenantofmayors.eu/about/covenant-community/signatories/action-plan.html?scity_id=11948,GCoMEC:v2
GCoMEC:EUCoM_pledge:ES BDF,ES BDF,Absolute emissions reduction,2007,2020,32,percent,https://www.covenantofmayors.eu/about/covenant-community/signatories/action-plan.html?scity_id=12356,GCoMEC:v2
GCoMEC:EUCoM_pledge:ES BDG,ES BDG,Absolute emissions reduction,2007,2020,20,percent,https://www.covenantofmayors.eu/about/covenant-community/signatories/action-plan.html?scity_id=12107,GCoMEC:v2
GCoMEC:EUCoM_pledge:ES BIG,ES BIG,Absolute emissions reduction,2007,2020,20,percent,https://www.covenantofmayors.eu/about/covenant-community/signatories/action-plan.html?scity_id=12202,GCoMEC:v2
GCoMEC:EUCoM_pledge:ES BIO,ES BIO,Absolute emissions reduction,2005,2020,31,percent,https://www.covenantofmayors.eu/about/covenant-community/signatories/action-plan.html?scity_id=12908,GCoMEC:v2
GCoMEC:EUCoM_pledge:ES BIR,ES BIR,Absolute emissions reduction,2007,2020,20,percent,https://www.covenantofmayors.eu/about/covenant-community/signatories/action-plan.html?scity_id=13210,GCoMEC:v2
GCoMEC:EUCoM_pledge:ES BJA,ES BJA,Absolute emissions reduction,2007,2020,27,percent,https://www.covenantofmayors.eu/about/covenant-community/signatories/action-plan.html?scity_id=12388,GCoMEC:v2
GCoMEC:EUCoM_pledge:ES BJC,ES BJC,Absolute emissions reduction,2007,2020,20,percent,https://www.covenantofmayors.eu/about/covenant-community/signatories/action-plan.html?scity_id=12834,GCoMEC:v2
GCoMEC:EUCoM_pledge:ES BJZ,ES BJZ,Absolute emissions reduction,2008,2020,20,percent,https://www.covenantofmayors.eu/about/covenant-community/signatories/action-plan.html?scity_id=16821,GCoMEC:v2
GCoMEC:EUCoM_pledge:ES BLM,ES BLM,Absolute emissions reduction,2006,2020,29,percent,https://www.covenantofmayors.eu/about/covenant-community/signatories/action-plan.html?scity_id=13681,GCoMEC:v2
GCoMEC:EUCoM_pledge:ES BMF,ES BMF,Absolute emissions reduction,2007,2020,20,percent,https://www.covenantofmayors.eu/about/covenant-community/signatories/action-plan.html?scity_id=13037,GCoMEC:v2
GCoMEC:EUCoM_pledge:ES BNH,ES BNH,Absolute emissions reduction,2007,2020,23,percent,https://www.covenantofmayors.eu/about/covenant-community/signatories/action-plan.html?scity_id=12301,GCoMEC:v2
GCoMEC:EUCoM_pledge:ES BNS,ES BNS,Absolute emissions reduction,2007,2020,23,percent,https://www.covenantofmayors.eu/about/covenant-community/signatories/action-plan.html?scity_id=11640,GCoMEC:v2
GCoMEC:EUCoM_pledge:ES BPU,ES BPU,Absolute emissions reduction,2005,2020,21,percent,https://www.covenantofmayors.eu/about/covenant-community/signatories/action-plan.html?scity_id=16560,GCoMEC:v2
GCoMEC:EUCoM_pledge:ES BRN,ES BRN,Absolute emissions reduction,2007,2020,20,percent,https://www.covenantofmayors.eu/about/covenant-community/signatories/action-plan.html?scity_id=12357,GCoMEC:v2
GCoMEC:EUCoM_pledge:ES BRY,ES BRY,Absolute emissions reduction,2005,2020,25,percent,https://www.covenantofmayors.eu/about/covenant-community/signatories/action-plan.html?scity_id=16091,GCoMEC:v2
GCoMEC:EUCoM_pledge:ES BS3,ES BS3,Absolute emissions reduction,2005,2020,22,percent,https://www.covenantofmayors.eu/about/covenant-community/signatories/action-plan.html?scity_id=13911,GCoMEC:v2
GCoMEC:EUCoM_pledge:ES BSG,ES BSG,Absolute emissions reduction,2007,2020,29,percent,https://www.covenantofmayors.eu/about/covenant-community/signatories/action-plan.html?scity_id=12106,GCoMEC:v2
GCoMEC:EUCoM_pledge:ES BUL,ES BUL,Absolute emissions reduction,2008,2020,20,percent,https://www.covenantofmayors.eu/about/covenant-community/signatories/action-plan.html?scity_id=13957,GCoMEC:v2
GCoMEC:EUCoM_pledge:ES BZA,ES BZA,Absolute emissions reduction,2007,2020,21,percent,https://www.covenantofmayors.eu/about/covenant-community/signatories/action-plan.html?scity_id=14437,GCoMEC:v2
GCoMEC:EUCoM_pledge:ES CAB,ES CAB,Absolute emissions reduction,2007,2020,20,percent,https://www.covenantofmayors.eu/about/covenant-community/signatories/action-plan.html?scity_id=12158,GCoMEC:v2
GCoMEC:EUCoM_pledge:ES CAF,ES CAF,Absolute emissions reduction,2005,2020,21,percent,https://www.covenantofmayors.eu/about/covenant-community/signatories/action-plan.html?scity_id=15652,GCoMEC:v2
GCoMEC:EUCoM_pledge:ES CAQ,ES CAQ,Absolute emissions reduction,2005,2020,20,percent,https://www.covenantofmayors.eu/about/covenant-community/signatories/action-plan.html?scity_id=12664,GCoMEC:v2
GCoMEC:EUCoM_pledge:ES CAR,ES CAR,Absolute emissions reduction,2008,2020,20,percent,https://www.covenantofmayors.eu/about/covenant-community/signatories/action-plan.html?scity_id=14856,GCoMEC:v2
GCoMEC:EUCoM_pledge:ES CBI,ES CBI,Absolute emissions reduction,2005,2020,20,percent,https://www.covenantofmayors.eu/about/covenant-community/signatories/action-plan.html?scity_id=11644,GCoMEC:v2
GCoMEC:EUCoM_pledge:ES CBM,ES CBM,Absolute emissions reduction,2005,2020,20,percent,https://www.covenantofmayors.eu/about/covenant-community/signatories/action-plan.html?scity_id=11643,GCoMEC:v2
GCoMEC:EUCoM_pledge:ES CD2,ES CD2,Absolute emissions reduction,2005,2020,28,percent,https://www.covenantofmayors.eu/about/covenant-community/signatories/action-plan.html?scity_id=15414,GCoMEC:v2
GCoMEC:EUCoM_pledge:ES CDD,ES CDD,Absolute emissions reduction,2005,2020,31,percent,https://www.covenantofmayors.eu/about/covenant-community/signatories/action-plan.html?scity_id=11651,GCoMEC:v2
GCoMEC:EUCoM_pledge:ES CDF,ES CDF,Absolute emissions reduction,2005,2020,24,percent,https://www.covenantofmayors.eu/about/covenant-community/signatories/action-plan.html?scity_id=11654,GCoMEC:v2
GCoMEC:EUCoM_pledge:ES CDS,ES CDS,Absolute emissions reduction,2007,2020,20,percent,https://www.covenantofmayors.eu/about/covenant-community/signatories/action-plan.html?scity_id=13031,GCoMEC:v2
GCoMEC:EUCoM_pledge:ES CEA,ES CEA,Absolute emissions reduction,2007,2020,22,percent,https://www.covenantofmayors.eu/about/covenant-community/signatories/action-plan.html?scity_id=12325,GCoMEC:v2
GCoMEC:EUCoM_pledge:ES CES,ES CES,Absolute emissions reduction,2005,2020,20,percent,https://www.covenantofmayors.eu/about/covenant-community/signatories/action-plan.html?scity_id=15024,GCoMEC:v2
GCoMEC:EUCoM_pledge:ES CGT,ES CGT,Absolute emissions reduction,2005,2020,20,percent,https://www.covenantofmayors.eu/about/covenant-community/signatories/action-plan.html?scity_id=11659,GCoMEC:v2
GCoMEC:EUCoM_pledge:ES CHF,ES CHF,Absolute emissions reduction,2007,2020,20,percent,https://www.covenantofmayors.eu/about/covenant-community/signatories/action-plan.html?scity_id=12358,GCoMEC:v2
GCoMEC:EUCoM_pledge:ES CHP,ES CHP,Absolute emissions reduction,2007,2020,21,percent,https://www.covenantofmayors.eu/about/covenant-community/signatories/action-plan.html?scity_id=12117,GCoMEC:v2
GCoMEC:EUCoM_pledge:ES CHU,ES CHU,Absolute emissions reduction,2007,2020,23,percent,https://www.covenantofmayors.eu/about/covenant-community/signatories/action-plan.html?scity_id=13365,GCoMEC:v2
GCoMEC:EUCoM_pledge:ES CHV,ES CHV,Absolute emissions reduction,2007,2020,23,percent,https://www.covenantofmayors.eu/about/covenant-community/signatories/action-plan.html?scity_id=12500,GCoMEC:v2
GCoMEC:EUCoM_pledge:ES CIJ,ES CIJ,Absolute emissions reduction,2007,2020,21,percent,https://www.covenantofmayors.eu/about/covenant-community/signatories/action-plan.html?scity_id=12218,GCoMEC:v2
GCoMEC:EUCoM_pledge:ES CJ2,ES CJ2,Absolute emissions reduction,2007,2020,21,percent,https://www.covenantofmayors.eu/about/covenant-community/signatories/action-plan.html?scity_id=13091,GCoMEC:v2
GCoMEC:EUCoM_pledge:ES CLL,ES CLL,Absolute emissions reduction,2005,2020,20,percent,https://www.covenantofmayors.eu/about/covenant-community/signatories/action-plan.html?scity_id=16225,GCoMEC:v2
GCoMEC:EUCoM_pledge:ES CLV,ES CLV,Absolute emissions reduction,2007,2020,20,percent,https://www.covenantofmayors.eu/about/covenant-community/signatories/action-plan.html?scity_id=15574,GCoMEC:v2
GCoMEC:EUCoM_pledge:ES CMC,ES CMC,Absolute emissions reduction,2005,2020,30,percent,https://www.covenantofmayors.eu/about/covenant-community/signatories/action-plan.html?scity_id=12801,GCoMEC:v2
GCoMEC:EUCoM_pledge:ES CMS,ES CMS,Absolute emissions reduction,2007,2020,44,percent,https://www.covenantofmayors.eu/about/covenant-community/signatories/action-plan.html?scity_id=13083,GCoMEC:v2
GCoMEC:EUCoM_pledge:ES CNJ,ES CNJ,Absolute emissions reduction,2007,2020,24,percent,https://www.covenantofmayors.eu/about/covenant-community/signatories/action-plan.html?scity_id=12293,GCoMEC:v2
GCoMEC:EUCoM_pledge:ES CNL,ES CNL,Absolute emissions reduction,2007,2020,35,percent,https://www.covenantofmayors.eu/about/covenant-community/signatories/action-plan.html?scity_id=12217,GCoMEC:v2
GCoMEC:EUCoM_pledge:ES CNS,ES CNS,Absolute emissions reduction,2010,2030,40,percent,https://www.covenantofmayors.eu/about/covenant-community/signatories/action-plan.html?scity_id=19884,GCoMEC:v2
GCoMEC:EUCoM_pledge:ES COA,ES COA,Absolute emissions reduction,2007,2020,20,percent,https://www.covenantofmayors.eu/about/covenant-community/signatories/action-plan.html?scity_id=13290,GCoMEC:v2
GCoMEC:EUCoM_pledge:ES COL,ES COL,Absolute emissions reduction,2007,2020,22,percent,https://www.covenantofmayors.eu/about/covenant-community/signatories/action-plan.html?scity_id=13088,GCoMEC:v2
GCoMEC:EUCoM_pledge:ES CRD,ES CRD,Absolute emissions reduction,2005,2020,20,percent,https://www.covenantofmayors.eu/about/covenant-community/signatories/action-plan.html?scity_id=11657,GCoMEC:v2
GCoMEC:EUCoM_pledge:ES CRM,ES CRM,Absolute emissions reduction,2007,2020,21,percent,https://www.covenantofmayors.eu/about/covenant-community/signatories/action-plan.html?scity_id=13128,GCoMEC:v2
GCoMEC:EUCoM_pledge:ES CRS,ES CRS,Absolute emissions reduction,2007,2020,20,percent,https://www.covenantofmayors.eu/about/covenant-community/signatories/action-plan.html?scity_id=12324,GCoMEC:v2
GCoMEC:EUCoM_pledge:ES CSG,ES CSG,Absolute emissions reduction,2005,2020,20,percent,https://www.covenantofmayors.eu/about/covenant-community/signatories/action-plan.html?scity_id=12843,GCoMEC:v2
GCoMEC:EUCoM_pledge:ES CSR,ES CSR,Absolute emissions reduction,2007,2020,20,percent,https://www.covenantofmayors.eu/about/covenant-community/signatories/action-plan.html?scity_id=13116,GCoMEC:v2
GCoMEC:EUCoM_pledge:ES CUV,ES CUV,Absolute emissions reduction,2007,2020,21,percent,https://www.covenantofmayors.eu/about/covenant-community/signatories/action-plan.html?scity_id=12180,GCoMEC:v2
GCoMEC:EUCoM_pledge:ES CYQ,ES CYQ,Absolute emissions reduction,2007,2020,20,percent,https://www.covenantofmayors.eu/about/covenant-community/signatories/action-plan.html?scity_id=13129,GCoMEC:v2
GCoMEC:EUCoM_pledge:ES CZA,ES CZA,Absolute emissions reduction,2008,2020,20,percent,https://www.covenantofmayors.eu/about/covenant-community/signatories/action-plan.html?scity_id=13919,GCoMEC:v2
GCoMEC:EUCoM_pledge:ES CZE,ES CZE,Absolute emissions reduction,2007,2020,20,percent,https://www.covenantofmayors.eu/about/covenant-community/signatories/action-plan.html?scity_id=13090,GCoMEC:v2
GCoMEC:EUCoM_pledge:ES DDP,ES DDP,Absolute emissions reduction,2007,2020,20,percent,https://www.covenantofmayors.eu/about/covenant-community/signatories/action-plan.html?scity_id=13134,GCoMEC:v2
GCoMEC:EUCoM_pledge:ES DFT,ES DFT,Absolute emissions reduction,2007,2020,20,percent,https://www.covenantofmayors.eu/about/covenant-community/signatories/action-plan.html?scity_id=15519,GCoMEC:v2
GCoMEC:EUCoM_pledge:ES DIS,ES DIS,Absolute emissions reduction,2007,2020,21,percent,https://www.covenantofmayors.eu/about/covenant-community/signatories/action-plan.html?scity_id=12391,GCoMEC:v2
GCoMEC:EUCoM_pledge:ES DMJ,ES DMJ,Absolute emissions reduction,2008,2020,39,percent,https://www.covenantofmayors.eu/about/covenant-community/signatories/action-plan.html?scity_id=18082,GCoMEC:v2
GCoMEC:EUCoM_pledge:ES DMV,ES DMV,Absolute emissions reduction,2005,2020,20,percent,https://www.covenantofmayors.eu/about/covenant-community/signatories/action-plan.html?scity_id=13119,GCoMEC:v2
GCoMEC:EUCoM_pledge:ES DOL,ES DOL,Absolute emissions reduction,2007,2020,21,percent,https://www.covenantofmayors.eu/about/covenant-community/signatories/action-plan.html?scity_id=14475,GCoMEC:v2
GCoMEC:EUCoM_pledge:ES DUC,ES DUC,Absolute emissions reduction,2007,2020,24,percent,https://www.covenantofmayors.eu/about/covenant-community/signatories/action-plan.html?scity_id=14612,GCoMEC:v2
GCoMEC:EUCoM_pledge:ES DYN,ES DYN,Absolute emissions reduction,2007,2020,20,percent,https://www.covenantofmayors.eu/about/covenant-community/signatories/action-plan.html?scity_id=13157,GCoMEC:v2
GCoMEC:EUCoM_pledge:ES EAH,ES EAH,Absolute emissions reduction,2007,2020,21,percent,https://www.covenantofmayors.eu/about/covenant-community/signatories/action-plan.html?scity_id=12206,GCoMEC:v2
GCoMEC:EUCoM_pledge:ES ECS,ES ECS,Absolute emissions reduction,2005,2020,21,percent,https://www.covenantofmayors.eu/about/covenant-community/signatories/action-plan.html?scity_id=15721,GCoMEC:v2
GCoMEC:EUCoM_pledge:ES EEJ,ES EEJ,Absolute emissions reduction,2007,2020,23,percent,https://www.covenantofmayors.eu/about/covenant-community/signatories/action-plan.html?scity_id=12382,GCoMEC:v2
GCoMEC:EUCoM_pledge:ES ELL,ES ELL,Absolute emissions reduction,2005,2020,20,percent,https://www.covenantofmayors.eu/about/covenant-community/signatories/action-plan.html?scity_id=12271,GCoMEC:v2
GCoMEC:EUCoM_pledge:ES EOG,ES EOG,Absolute emissions reduction,2005,2020,20,percent,https://www.covenantofmayors.eu/about/covenant-community/signatories/action-plan.html?scity_id=11673,GCoMEC:v2
GCoMEC:EUCoM_pledge:ES EPB,ES EPB,Absolute emissions reduction,2005,2020,23,percent,https://www.covenantofmayors.eu/about/covenant-community/signatories/action-plan.html?scity_id=11918,GCoMEC:v2
GCoMEC:EUCoM_pledge:ES ESM,ES ESM,Absolute emissions reduction,2007,2020,20,percent,https://www.covenantofmayors.eu/about/covenant-community/signatories/action-plan.html?scity_id=12360,GCoMEC:v2
GCoMEC:EUCoM_pledge:ES ESU,ES ESU,Absolute emissions reduction,2007,2020,23,percent,https://www.covenantofmayors.eu/about/covenant-community/signatories/action-plan.html?scity_id=13484,GCoMEC:v2
GCoMEC:EUCoM_pledge:ES F7M,ES F7M,Absolute emissions reduction,2007,2020,21,percent,https://www.covenantofmayors.eu/about/covenant-community/signatories/action-plan.html?scity_id=13486,GCoMEC:v2
GCoMEC:EUCoM_pledge:ES FIN,ES FIN,Absolute emissions reduction,2007,2020,24,percent,https://www.covenantofmayors.eu/about/covenant-community/signatories/action-plan.html?scity_id=12392,GCoMEC:v2
GCoMEC:EUCoM_pledge:ES FLX,ES FLX,Absolute emissions reduction,2005,2030,41,percent,,GCoMEC:v2
GCoMEC:EUCoM_pledge:ES FQV,ES FQV,Absolute emissions reduction,2005,2020,20,percent,https://www.covenantofmayors.eu/about/covenant-community/signatories/action-plan.html?scity_id=11692,GCoMEC:v2
GCoMEC:EUCoM_pledge:ES FRL,ES FRL,Absolute emissions reduction,2007,2020,22,percent,https://www.covenantofmayors.eu/about/covenant-community/signatories/action-plan.html?scity_id=13485,GCoMEC:v2
GCoMEC:EUCoM_pledge:ES FRT,ES FRT,Absolute emissions reduction,2010,2030,40,percent,,GCoMEC:v2
GCoMEC:EUCoM_pledge:ES FUA,ES FUA,Absolute emissions reduction,2010,2030,40,percent,,GCoMEC:v2
GCoMEC:EUCoM_pledge:ES GAO,ES GAO,Absolute emissions reduction,2007,2020,21,percent,https://www.covenantofmayors.eu/about/covenant-community/signatories/action-plan.html?scity_id=12465,GCoMEC:v2
GCoMEC:EUCoM_pledge:ES GAX,ES GAX,Absolute emissions reduction,2007,2020,22,percent,https://www.covenantofmayors.eu/about/covenant-community/signatories/action-plan.html?scity_id=14893,GCoMEC:v2
GCoMEC:EUCoM_pledge:ES GD7,ES GD7,Absolute emissions reduction,2007,2020,20,percent,https://www.covenantofmayors.eu/about/covenant-community/signatories/action-plan.html?scity_id=13142,GCoMEC:v2
GCoMEC:EUCoM_pledge:ES GDL,ES GDL,Absolute emissions reduction,2010,2030,40,percent,,GCoMEC:v2
GCoMEC:EUCoM_pledge:ES GDS,ES GDS,Absolute emissions reduction,2007,2020,23,percent,https://www.covenantofmayors.eu/about/covenant-community/signatories/action-plan.html?scity_id=13539,GCoMEC:v2
GCoMEC:EUCoM_pledge:ES GGG,ES GGG,Absolute emissions reduction,2007,2020,20,percent,https://www.covenantofmayors.eu/about/covenant-community/signatories/action-plan.html?scity_id=12923,GCoMEC:v2
GCoMEC:EUCoM_pledge:ES GGL,ES GGL,Absolute emissions reduction,2005,2020,26,percent,https://www.covenantofmayors.eu/about/covenant-community/signatories/action-plan.html?scity_id=13915,GCoMEC:v2
GCoMEC:EUCoM_pledge:ES GIB,ES GIB,Absolute emissions reduction,2007,2020,20,percent,https://www.covenantofmayors.eu/about/covenant-community/signatories/action-plan.html?scity_id=13491,GCoMEC:v2
GCoMEC:EUCoM_pledge:ES GIJ,ES GIJ,Absolute emissions reduction,2007,2020,35,percent,https://www.covenantofmayors.eu/about/covenant-community/signatories/action-plan.html?scity_id=14509,GCoMEC:v2
GCoMEC:EUCoM_pledge:ES GIR,ES GIR,Absolute emissions reduction,2006,2020,20,percent,https://www.covenantofmayors.eu/about/covenant-community/signatories/action-plan.html?scity_id=12583,GCoMEC:v2
GCoMEC:EUCoM_pledge:ES GIS,ES GIS,Absolute emissions reduction,2007,2020,20,percent,https://www.covenantofmayors.eu/about/covenant-community/signatories/action-plan.html?scity_id=13209,GCoMEC:v2
GCoMEC:EUCoM_pledge:ES GPZ,ES GPZ,Absolute emissions reduction,2007,2020,23,percent,https://www.covenantofmayors.eu/about/covenant-community/signatories/action-plan.html?scity_id=13695,GCoMEC:v2
GCoMEC:EUCoM_pledge:ES GRB,ES GRB,Absolute emissions reduction,2005,2020,21,percent,https://www.covenantofmayors.eu/about/covenant-community/signatories/action-plan.html?scity_id=18226,GCoMEC:v2
GCoMEC:EUCoM_pledge:ES GRL,ES GRL,Absolute emissions reduction,2005,2020,20,percent,https://www.covenantofmayors.eu/about/covenant-community/signatories/action-plan.html?scity_id=12233,GCoMEC:v2
GCoMEC:EUCoM_pledge:ES GRN,ES GRN,Absolute emissions reduction,2007,2020,20,percent,https://www.covenantofmayors.eu/about/covenant-community/signatories/action-plan.html?scity_id=14993,GCoMEC:v2
GCoMEC:EUCoM_pledge:ES GRX,ES GRX,Absolute emissions reduction,2007,2020,20,percent,,GCoMEC:v2
GCoMEC:EUCoM_pledge:ES GUX,ES GUX,Absolute emissions reduction,2007,2020,21,percent,https://www.covenantofmayors.eu/about/covenant-community/signatories/action-plan.html?scity_id=15614,GCoMEC:v2
GCoMEC:EUCoM_pledge:ES HAD,ES HAD,Absolute emissions reduction,2007,2020,22,percent,https://www.covenantofmayors.eu/about/covenant-community/signatories/action-plan.html?scity_id=12326,GCoMEC:v2
GCoMEC:EUCoM_pledge:ES HDL,ES HDL,Absolute emissions reduction,2005,2020,22,percent,https://www.covenantofmayors.eu/about/covenant-community/signatories/action-plan.html?scity_id=11686,GCoMEC:v2
GCoMEC:EUCoM_pledge:ES HNJ,ES HNJ,Absolute emissions reduction,2007,2020,40,percent,https://www.covenantofmayors.eu/about/covenant-community/signatories/action-plan.html?scity_id=12244,GCoMEC:v2
GCoMEC:EUCoM_pledge:ES HOA,ES HOA,Absolute emissions reduction,2007,2020,20,percent,https://www.covenantofmayors.eu/about/covenant-community/signatories/action-plan.html?scity_id=14639,GCoMEC:v2
GCoMEC:EUCoM_pledge:ES HUM,ES HUM,Absolute emissions reduction,2007,2020,20,percent,https://www.covenantofmayors.eu/about/covenant-community/signatories/action-plan.html?scity_id=12035,GCoMEC:v2
GCoMEC:EUCoM_pledge:ES HUS,ES HUS,Absolute emissions reduction,2007,2020,22,percent,https://www.covenantofmayors.eu/about/covenant-community/signatories/action-plan.html?scity_id=12799,GCoMEC:v2
GCoMEC:EUCoM_pledge:ES IBR,ES IBR,Absolute emissions reduction,2007,2020,22,percent,https://www.covenantofmayors.eu/about/covenant-community/signatories/action-plan.html?scity_id=14892,GCoMEC:v2
GCoMEC:EUCoM_pledge:ES IGL,ES IGL,Absolute emissions reduction,2005,2020,20,percent,https://www.covenantofmayors.eu/about/covenant-community/signatories/action-plan.html?scity_id=11687,GCoMEC:v2
GCoMEC:EUCoM_pledge:ES III,ES III,Absolute emissions reduction,2005,2020,27,percent,https://www.covenantofmayors.eu/about/covenant-community/signatories/action-plan.html?scity_id=12785,GCoMEC:v2
GCoMEC:EUCoM_pledge:ES ILE,ES ILE,Absolute emissions reduction,2007,2020,21,percent,https://www.covenantofmayors.eu/about/covenant-community/signatories/action-plan.html?scity_id=12288,GCoMEC:v2
GCoMEC:EUCoM_pledge:ES IRU,ES IRU,Absolute emissions reduction,2007,2020,30,percent,https://www.covenantofmayors.eu/about/covenant-community/signatories/action-plan.html?scity_id=13537,GCoMEC:v2
GCoMEC:EUCoM_pledge:ES IV9,ES IV9,Absolute emissions reduction,2005,2020,20,percent,https://www.covenantofmayors.eu/about/covenant-community/signatories/action-plan.html?scity_id=14457,GCoMEC:v2
GCoMEC:EUCoM_pledge:ES IZN,ES IZN,Absolute emissions reduction,2007,2020,21,percent,https://www.covenantofmayors.eu/about/covenant-community/signatories/action-plan.html?scity_id=12245,GCoMEC:v2
GCoMEC:EUCoM_pledge:ES JBQ,ES JBQ,Absolute emissions reduction,2007,2020,31,percent,https://www.covenantofmayors.eu/about/covenant-community/signatories/action-plan.html?scity_id=15122,GCoMEC:v2
GCoMEC:EUCoM_pledge:ES JDR,ES JDR,Absolute emissions reduction,2007,2020,20,percent,https://www.covenantofmayors.eu/about/covenant-community/signatories/action-plan.html?scity_id=12103,GCoMEC:v2
GCoMEC:EUCoM_pledge:ES JJ2,ES JJ2,Absolute emissions reduction,2007,2020,29,percent,https://www.covenantofmayors.eu/about/covenant-community/signatories/action-plan.html?scity_id=12042,GCoMEC:v2
GCoMEC:EUCoM_pledge:ES JJO,ES JJO,Absolute emissions reduction,2007,2020,40,percent,https://www.covenantofmayors.eu/about/covenant-community/signatories/action-plan.html?scity_id=13199,GCoMEC:v2
GCoMEC:EUCoM_pledge:ES JLF,ES JLF,Absolute emissions reduction,2007,2020,21,percent,https://www.covenantofmayors.eu/about/covenant-community/signatories/action-plan.html?scity_id=12342,GCoMEC:v2
GCoMEC:EUCoM_pledge:ES JRB,ES JRB,Absolute emissions reduction,2005,2020,21,percent,https://www.covenantofmayors.eu/about/covenant-community/signatories/action-plan.html?scity_id=16947,GCoMEC:v2
GCoMEC:EUCoM_pledge:ES JUN,ES JUN,Absolute emissions reduction,2005,2020,27,percent,https://www.covenantofmayors.eu/about/covenant-community/signatories/action-plan.html?scity_id=15894,GCoMEC:v2
GCoMEC:EUCoM_pledge:ES LCJ,ES LCJ,Absolute emissions reduction,2005,2030,41,percent,https://www.covenantofmayors.eu/about/covenant-community/signatories/action-plan.html?scity_id=25102,GCoMEC:v2
GCoMEC:EUCoM_pledge:ES LEI,ES LEI,Absolute emissions reduction,2007,2020,23,percent,https://www.covenantofmayors.eu/about/covenant-community/signatories/action-plan.html?scity_id=12049,GCoMEC:v2
GCoMEC:EUCoM_pledge:ES LEL,ES LEL,Absolute emissions reduction,2005,2020,20,percent,https://www.covenantofmayors.eu/about/covenant-community/signatories/action-plan.html?scity_id=11648,GCoMEC:v2
GCoMEC:EUCoM_pledge:ES LEP,ES LEP,Absolute emissions reduction,2007,2020,20,percent,https://www.covenantofmayors.eu/about/covenant-community/signatories/action-plan.html?scity_id=12023,GCoMEC:v2
GCoMEC:EUCoM_pledge:ES LG7,ES LG7,Absolute emissions reduction,2010,2020,27,percent,https://www.covenantofmayors.eu/about/covenant-community/signatories/action-plan.html?scity_id=12309,GCoMEC:v2
GCoMEC:EUCoM_pledge:ES LGG,ES LGG,Absolute emissions reduction,2007,2020,20,percent,https://www.covenantofmayors.eu/about/covenant-community/signatories/action-plan.html?scity_id=15118,GCoMEC:v2
GCoMEC:EUCoM_pledge:ES LGJ,ES LGJ,Absolute emissions reduction,2007,2020,21,percent,https://www.covenantofmayors.eu/about/covenant-community/signatories/action-plan.html?scity_id=13488,GCoMEC:v2
GCoMEC:EUCoM_pledge:ES LGR,ES LGR,Absolute emissions reduction,2012,2020,20,percent,https://www.covenantofmayors.eu/about/covenant-community/signatories/action-plan.html?scity_id=15900,GCoMEC:v2
GCoMEC:EUCoM_pledge:ES LIZ,ES LIZ,Absolute emissions reduction,2007,2020,26,percent,https://www.covenantofmayors.eu/about/covenant-community/signatories/action-plan.html?scity_id=12119,GCoMEC:v2
GCoMEC:EUCoM_pledge:ES LJJ,ES LJJ,Absolute emissions reduction,2005,2020,20,percent,https://www.covenantofmayors.eu/about/covenant-community/signatories/action-plan.html?scity_id=15673,GCoMEC:v2
GCoMEC:EUCoM_pledge:ES LLE,ES LLE,Absolute emissions reduction,2005,2020,22,percent,https://www.covenantofmayors.eu/about/covenant-community/signatories/action-plan.html?scity_id=12072,GCoMEC:v2
GCoMEC:EUCoM_pledge:ES LLI,ES LLI,Absolute emissions reduction,2007,2020,20,percent,https://www.covenantofmayors.eu/about/covenant-community/signatories/action-plan.html?scity_id=12361,GCoMEC:v2
GCoMEC:EUCoM_pledge:ES LMT,ES LMT,Absolute emissions reduction,2007,2020,20,percent,https://www.covenantofmayors.eu/about/covenant-community/signatories/action-plan.html?scity_id=13038,GCoMEC:v2
GCoMEC:EUCoM_pledge:ES LOB,ES LOB,Absolute emissions reduction,2007,2020,20,percent,https://www.covenantofmayors.eu/about/covenant-community/signatories/action-plan.html?scity_id=12362,GCoMEC:v2
GCoMEC:EUCoM_pledge:ES LOP,ES LOP,Absolute emissions reduction,2007,2020,24,percent,https://www.covenantofmayors.eu/about/covenant-community/signatories/action-plan.html?scity_id=13490,GCoMEC:v2
GCoMEC:EUCoM_pledge:ES LQL,ES LQL,Absolute emissions reduction,2007,2020,22,percent,https://www.covenantofmayors.eu/about/covenant-community/signatories/action-plan.html?scity_id=12159,GCoMEC:v2
GCoMEC:EUCoM_pledge:ES LQR,ES LQR,Absolute emissions reduction,2007,2020,20,percent,https://www.covenantofmayors.eu/about/covenant-community/signatories/action-plan.html?scity_id=12169,GCoMEC:v2
GCoMEC:EUCoM_pledge:ES LRA,ES LRA,Absolute emissions reduction,2007,2020,20,percent,https://www.covenantofmayors.eu/about/covenant-community/signatories/action-plan.html?scity_id=12858,GCoMEC:v2
GCoMEC:EUCoM_pledge:ES LRM,ES LRM,Absolute emissions reduction,2007,2020,20,percent,https://www.covenantofmayors.eu/about/covenant-community/signatories/action-plan.html?scity_id=12835,GCoMEC:v2
GCoMEC:EUCoM_pledge:ES LRQ,ES LRQ,Absolute emissions reduction,2008,2020,21,percent,,GCoMEC:v2
GCoMEC:EUCoM_pledge:ES LUL,ES LUL,Absolute emissions reduction,2007,2020,20,percent,https://www.covenantofmayors.eu/about/covenant-community/signatories/action-plan.html?scity_id=12381,GCoMEC:v2
GCoMEC:EUCoM_pledge:ES LXC,ES LXC,Absolute emissions reduction,2007,2020,20,percent,https://www.covenantofmayors.eu/about/covenant-community/signatories/action-plan.html?scity_id=11691,GCoMEC:v2
GCoMEC:EUCoM_pledge:ES LXR,ES LXR,Absolute emissions reduction,2007,2020,20,percent,https://www.covenantofmayors.eu/about/covenant-community/signatories/action-plan.html?scity_id=12577,GCoMEC:v2
GCoMEC:EUCoM_pledge:ES MAD,ES MAD,Absolute emissions reduction,1990,2020,20,percent,https://www.covenantofmayors.eu/about/covenant-community/signatories/action-plan.html?scity_id=11696,GCoMEC:v2
GCoMEC:EUCoM_pledge:ES MAN,ES MAN,Absolute emissions reduction,2005,2030,40,percent,https://www.covenantofmayors.eu/about/covenant-community/signatories/action-plan.html?scity_id=25162,GCoMEC:v2
GCoMEC:EUCoM_pledge:ES MD3,ES MD3,Absolute emissions reduction,2005,2020,32,percent,https://www.covenantofmayors.eu/about/covenant-community/signatories/action-plan.html?scity_id=11702,GCoMEC:v2
GCoMEC:EUCoM_pledge:ES MDY,ES MDY,Absolute emissions reduction,2007,2020,20,percent,https://www.covenantofmayors.eu/about/covenant-community/signatories/action-plan.html?scity_id=12846,GCoMEC:v2
GCoMEC:EUCoM_pledge:ES MEA,ES MEA,Absolute emissions reduction,2008,2020,20,percent,https://www.covenantofmayors.eu/about/covenant-community/signatories/action-plan.html?scity_id=16866,GCoMEC:v2
GCoMEC:EUCoM_pledge:ES MFK,ES MFK,Absolute emissions reduction,2007,2020,20,percent,https://www.covenantofmayors.eu/about/covenant-community/signatories/action-plan.html?scity_id=12373,GCoMEC:v2
GCoMEC:EUCoM_pledge:ES MFS,ES MFS,Absolute emissions reduction,2007,2020,21,percent,https://www.covenantofmayors.eu/about/covenant-community/signatories/action-plan.html?scity_id=15007,GCoMEC:v2
GCoMEC:EUCoM_pledge:ES MFT,ES MFT,Absolute emissions reduction,2007,2020,20,percent,https://www.covenantofmayors.eu/about/covenant-community/signatories/action-plan.html?scity_id=12886,GCoMEC:v2
GCoMEC:EUCoM_pledge:ES MJC,ES MJC,Absolute emissions reduction,2007,2020,23,percent,https://www.covenantofmayors.eu/about/covenant-community/signatories/action-plan.html?scity_id=13102,GCoMEC:v2
GCoMEC:EUCoM_pledge:ES MJK,ES MJK,Absolute emissions reduction,2007,2020,23,percent,https://www.covenantofmayors.eu/about/covenant-community/signatories/action-plan.html?scity_id=12221,GCoMEC:v2
GCoMEC:EUCoM_pledge:ES MJV,ES MJV,Absolute emissions reduction,2007,2020,20,percent,https://www.covenantofmayors.eu/about/covenant-community/signatories/action-plan.html?scity_id=11707,GCoMEC:v2
GCoMEC:EUCoM_pledge:ES MKZ,ES MKZ,Absolute emissions reduction,2009,2020,22,percent,https://www.covenantofmayors.eu/about/covenant-community/signatories/action-plan.html?scity_id=17353,GCoMEC:v2
GCoMEC:EUCoM_pledge:ES MNL,ES MNL,Absolute emissions reduction,2005,2020,22,percent,https://www.covenantofmayors.eu/about/covenant-community/signatories/action-plan.html?scity_id=11699,GCoMEC:v2
GCoMEC:EUCoM_pledge:ES MNR,ES MNR,Absolute emissions reduction,2005,2020,20,percent,https://www.covenantofmayors.eu/about/covenant-community/signatories/action-plan.html?scity_id=12234,GCoMEC:v2
GCoMEC:EUCoM_pledge:ES MOJ,ES MOJ,Absolute emissions reduction,2007,2020,24,percent,https://www.covenantofmayors.eu/about/covenant-community/signatories/action-plan.html?scity_id=12389,GCoMEC:v2
GCoMEC:EUCoM_pledge:ES MOT,ES MOT,Absolute emissions reduction,2007,2020,25,percent,https://www.covenantofmayors.eu/about/covenant-community/signatories/action-plan.html?scity_id=12201,GCoMEC:v2
GCoMEC:EUCoM_pledge:ES MOU,ES MOU,Absolute emissions reduction,2005,2030,40,percent,,GCoMEC:v2
GCoMEC:EUCoM_pledge:ES MQE,ES MQE,Absolute emissions reduction,2012,2020,20,percent,https://www.covenantofmayors.eu/about/covenant-community/signatories/action-plan.html?scity_id=15032,GCoMEC:v2
GCoMEC:EUCoM_pledge:ES MQF,ES MQF,Absolute emissions reduction,2012,2020,20,percent,https://www.covenantofmayors.eu/about/covenant-community/signatories/action-plan.html?scity_id=15002,GCoMEC:v2
GCoMEC:EUCoM_pledge:ES MRG,ES MRG,Absolute emissions reduction,2005,2020,26,percent,https://www.covenantofmayors.eu/about/covenant-community/signatories/action-plan.html?scity_id=12058,GCoMEC:v2
GCoMEC:EUCoM_pledge:ES MRL,ES MRL,Absolute emissions reduction,2012,2030,40,percent,,GCoMEC:v2
GCoMEC:EUCoM_pledge:ES MRN,ES MRN,Absolute emissions reduction,2007,2020,28,percent,https://www.covenantofmayors.eu/about/covenant-community/signatories/action-plan.html?scity_id=12220,GCoMEC:v2
GCoMEC:EUCoM_pledge:ES MRR,ES MRR,Absolute emissions reduction,2005,2030,41,percent,https://www.covenantofmayors.eu/about/covenant-community/signatories/action-plan.html?scity_id=25125,GCoMEC:v2
GCoMEC:EUCoM_pledge:ES MSA,ES MSA,Absolute emissions reduction,2007,2020,40,percent,https://www.covenantofmayors.eu/about/covenant-community/signatories/action-plan.html?scity_id=12363,GCoMEC:v2
GCoMEC:EUCoM_pledge:ES MSQ,ES MSQ,Absolute emissions reduction,2005,2020,21,percent,https://www.covenantofmayors.eu/about/covenant-community/signatories/action-plan.html?scity_id=16995,GCoMEC:v2
GCoMEC:EUCoM_pledge:ES MTG,ES MTG,Absolute emissions reduction,2005,2020,20,percent,https://www.covenantofmayors.eu/about/covenant-community/signatories/action-plan.html?scity_id=12579,GCoMEC:v2
GCoMEC:EUCoM_pledge:ES MTM,ES MTM,Absolute emissions reduction,2005,2020,20,percent,https://www.covenantofmayors.eu/about/covenant-community/signatories/action-plan.html?scity_id=11706,GCoMEC:v2
GCoMEC:EUCoM_pledge:ES MTQ,ES MTQ,Absolute emissions reduction,2005,2020,20,percent,https://www.covenantofmayors.eu/about/covenant-community/signatories/action-plan.html?scity_id=12512,GCoMEC:v2
GCoMEC:EUCoM_pledge:ES MUO,ES MUO,Absolute emissions reduction,2010,2030,40,percent,,GCoMEC:v2
GCoMEC:EUCoM_pledge:ES MVA,ES MVA,Absolute emissions reduction,2007,2020,43,percent,https://www.covenantofmayors.eu/about/covenant-community/signatories/action-plan.html?scity_id=15759,GCoMEC:v2
GCoMEC:EUCoM_pledge:ES MVT,ES MVT,Absolute emissions reduction,2007,2020,20,percent,https://www.covenantofmayors.eu/about/covenant-community/signatories/action-plan.html?scity_id=12057,GCoMEC:v2
GCoMEC:EUCoM_pledge:ES MWR,ES MWR,Absolute emissions reduction,2007,2020,21,percent,https://www.covenantofmayors.eu/about/covenant-community/signatories/action-plan.html?scity_id=12077,GCoMEC:v2
GCoMEC:EUCoM_pledge:ES MXJ,ES MXJ,Absolute emissions reduction,2012,2020,20,percent,https://www.covenantofmayors.eu/about/covenant-community/signatories/action-plan.html?scity_id=14999,GCoMEC:v2
GCoMEC:EUCoM_pledge:ES MZG,ES MZG,Absolute emissions reduction,2007,2020,20,percent,https://www.covenantofmayors.eu/about/covenant-community/signatories/action-plan.html?scity_id=11704,GCoMEC:v2
GCoMEC:EUCoM_pledge:ES NAM,ES NAM,Absolute emissions reduction,2007,2020,21,percent,https://www.covenantofmayors.eu/about/covenant-community/signatories/action-plan.html?scity_id=12311,GCoMEC:v2
GCoMEC:EUCoM_pledge:ES NCY,ES NCY,Absolute emissions reduction,2007,2020,21,percent,https://www.covenantofmayors.eu/about/covenant-community/signatories/action-plan.html?scity_id=14994,GCoMEC:v2
GCoMEC:EUCoM_pledge:ES NET,ES NET,Absolute emissions reduction,2005,2020,20,percent,https://www.covenantofmayors.eu/about/covenant-community/signatories/action-plan.html?scity_id=12111,GCoMEC:v2
GCoMEC:EUCoM_pledge:ES NIJ,ES NIJ,Absolute emissions reduction,2007,2020,21,percent,https://www.covenantofmayors.eu/about/covenant-community/signatories/action-plan.html?scity_id=12375,GCoMEC:v2
GCoMEC:EUCoM_pledge:ES NIT,ES NIT,Absolute emissions reduction,2005,2020,20,percent,https://www.covenantofmayors.eu/about/covenant-community/signatories/action-plan.html?scity_id=11746,GCoMEC:v2
GCoMEC:EUCoM_pledge:ES NSA,ES NSA,Absolute emissions reduction,2005,2020,20,percent,https://www.covenantofmayors.eu/about/covenant-community/signatories/action-plan.html?scity_id=11708,GCoMEC:v2
GCoMEC:EUCoM_pledge:ES NSJ,ES NSJ,Absolute emissions reduction,2007,2020,20,percent,https://www.covenantofmayors.eu/about/covenant-community/signatories/action-plan.html?scity_id=14992,GCoMEC:v2
GCoMEC:EUCoM_pledge:ES OBA,ES OBA,Absolute emissions reduction,2007,2020,35,percent,https://www.covenantofmayors.eu/about/covenant-community/signatories/action-plan.html?scity_id=12909,GCoMEC:v2
GCoMEC:EUCoM_pledge:ES OBL,ES OBL,Absolute emissions reduction,2005,2020,29,percent,https://www.covenantofmayors.eu/about/covenant-community/signatories/action-plan.html?scity_id=13969,GCoMEC:v2
GCoMEC:EUCoM_pledge:ES ODB,ES ODB,Absolute emissions reduction,2007,2020,21,percent,https://www.covenantofmayors.eu/about/covenant-community/signatories/action-plan.html?scity_id=12270,GCoMEC:v2
GCoMEC:EUCoM_pledge:ES ODE,ES ODE,Absolute emissions reduction,2005,2020,26,percent,https://www.covenantofmayors.eu/about/covenant-community/signatories/action-plan.html?scity_id=14626,GCoMEC:v2
GCoMEC:EUCoM_pledge:ES OIS,ES OIS,Absolute emissions reduction,2005,2020,20,percent,https://www.covenantofmayors.eu/about/covenant-community/signatories/action-plan.html?scity_id=11712,GCoMEC:v2
GCoMEC:EUCoM_pledge:ES OLD,ES OLD,Absolute emissions reduction,2005,2020,34,percent,https://www.covenantofmayors.eu/about/covenant-community/signatories/action-plan.html?scity_id=14723,GCoMEC:v2
GCoMEC:EUCoM_pledge:ES OLO,ES OLO,Absolute emissions reduction,2005,2020,21,percent,https://www.covenantofmayors.eu/about/covenant-community/signatories/action-plan.html?scity_id=13284,GCoMEC:v2
GCoMEC:EUCoM_pledge:ES OLX,ES OLX,Absolute emissions reduction,2005,2020,21,percent,https://www.covenantofmayors.eu/about/covenant-community/signatories/action-plan.html?scity_id=17010,GCoMEC:v2
GCoMEC:EUCoM_pledge:ES ONL,ES ONL,Absolute emissions reduction,2007,2020,27,percent,https://www.covenantofmayors.eu/about/covenant-community/signatories/action-plan.html?scity_id=13566,GCoMEC:v2
GCoMEC:EUCoM_pledge:ES OOO,ES OOO,Absolute emissions reduction,2005,2030,40,percent,https://www.covenantofmayors.eu/about/covenant-community/signatories/action-plan.html?scity_id=25374,GCoMEC:v2
GCoMEC:EUCoM_pledge:ES ORA,ES ORA,Absolute emissions reduction,2007,2020,21,percent,https://www.covenantofmayors.eu/about/covenant-community/signatories/action-plan.html?scity_id=13492,GCoMEC:v2
GCoMEC:EUCoM_pledge:ES ORB,ES ORB,Absolute emissions reduction,2009,2020,20,percent,https://www.covenantofmayors.eu/about/covenant-community/signatories/action-plan.html?scity_id=18689,GCoMEC:v2
GCoMEC:EUCoM_pledge:ES OST,ES OST,Absolute emissions reduction,2005,2020,21,percent,https://www.covenantofmayors.eu/about/covenant-community/signatories/action-plan.html?scity_id=17478,GCoMEC:v2
GCoMEC:EUCoM_pledge:ES OTU,ES OTU,Absolute emissions reduction,2007,2020,21,percent,https://www.covenantofmayors.eu/about/covenant-community/signatories/action-plan.html?scity_id=14998,GCoMEC:v2
GCoMEC:EUCoM_pledge:ES PAP,ES PAP,Absolute emissions reduction,2005,2020,20,percent,https://www.covenantofmayors.eu/about/covenant-community/signatories/action-plan.html?scity_id=11670,GCoMEC:v2
GCoMEC:EUCoM_pledge:ES PAZ,ES PAZ,Absolute emissions reduction,2007,2020,20,percent,https://www.covenantofmayors.eu/about/covenant-community/signatories/action-plan.html?scity_id=13568,GCoMEC:v2
GCoMEC:EUCoM_pledge:ES PBR,ES PBR,Absolute emissions reduction,2007,2020,20,percent,https://www.covenantofmayors.eu/about/covenant-community/signatories/action-plan.html?scity_id=12433,GCoMEC:v2
GCoMEC:EUCoM_pledge:ES PDC,ES PDC,Absolute emissions reduction,2005,2020,20,percent,https://www.covenantofmayors.eu/about/covenant-community/signatories/action-plan.html?scity_id=12195,GCoMEC:v2
GCoMEC:EUCoM_pledge:ES PDD,ES PDD,Absolute emissions reduction,2005,2020,20,percent,https://www.covenantofmayors.eu/about/covenant-community/signatories/action-plan.html?scity_id=13823,GCoMEC:v2
GCoMEC:EUCoM_pledge:ES PFD,ES PFD,Absolute emissions reduction,2007,2020,21,percent,https://www.covenantofmayors.eu/about/covenant-community/signatories/action-plan.html?scity_id=12250,GCoMEC:v2
GCoMEC:EUCoM_pledge:ES PFT,ES PFT,Absolute emissions reduction,2007,2020,20,percent,https://www.covenantofmayors.eu/about/covenant-community/signatories/action-plan.html?scity_id=11713,GCoMEC:v2
GCoMEC:EUCoM_pledge:ES PG4,ES PG4,Absolute emissions reduction,2005,2020,32,percent,https://www.covenantofmayors.eu/about/covenant-community/signatories/action-plan.html?scity_id=13999,GCoMEC:v2
GCoMEC:EUCoM_pledge:ES PGZ,ES PGZ,Absolute emissions reduction,2013,2020,20,percent,https://www.covenantofmayors.eu/about/covenant-community/signatories/action-plan.html?scity_id=15719,GCoMEC:v2
GCoMEC:EUCoM_pledge:ES PIA,ES PIA,Absolute emissions reduction,2007,2020,20,percent,https://www.covenantofmayors.eu/about/covenant-community/signatories/action-plan.html?scity_id=13168,GCoMEC:v2
GCoMEC:EUCoM_pledge:ES PIR,ES PIR,Absolute emissions reduction,2005,2020,22,percent,https://www.covenantofmayors.eu/about/covenant-community/signatories/action-plan.html?scity_id=14488,GCoMEC:v2
GCoMEC:EUCoM_pledge:ES PLH,ES PLH,Absolute emissions reduction,2007,2020,36,percent,https://www.covenantofmayors.eu/about/covenant-community/signatories/action-plan.html?scity_id=13027,GCoMEC:v2
GCoMEC:EUCoM_pledge:ES PLN,ES PLN,Absolute emissions reduction,2007,2020,20,percent,https://www.covenantofmayors.eu/about/covenant-community/signatories/action-plan.html?scity_id=13029,GCoMEC:v2
GCoMEC:EUCoM_pledge:ES POL,ES POL,Absolute emissions reduction,2008,2020,20,percent,https://www.covenantofmayors.eu/about/covenant-community/signatories/action-plan.html?scity_id=11717,GCoMEC:v2
GCoMEC:EUCoM_pledge:ES POR,ES POR,Absolute emissions reduction,2007,2020,22,percent,https://www.covenantofmayors.eu/about/covenant-community/signatories/action-plan.html?scity_id=14644,GCoMEC:v2
GCoMEC:EUCoM_pledge:ES PPE,ES PPE,Absolute emissions reduction,2005,2020,20,percent,https://www.covenantofmayors.eu/about/covenant-community/signatories/action-plan.html?scity_id=15789,GCoMEC:v2
GCoMEC:EUCoM_pledge:ES PR3,ES PR3,Absolute emissions reduction,2007,2020,37,percent,https://www.covenantofmayors.eu/about/covenant-community/signatories/action-plan.html?scity_id=12884,GCoMEC:v2
GCoMEC:EUCoM_pledge:ES PRC,ES PRC,Absolute emissions reduction,2007,2020,21,percent,https://www.covenantofmayors.eu/about/covenant-community/signatories/action-plan.html?scity_id=14903,GCoMEC:v2
GCoMEC:EUCoM_pledge:ES PTE,ES PTE,Absolute emissions reduction,2007,2020,23,percent,https://www.covenantofmayors.eu/about/covenant-community/signatories/action-plan.html?scity_id=13258,GCoMEC:v2
GCoMEC:EUCoM_pledge:ES PTG,ES PTG,Absolute emissions reduction,2007,2020,20,percent,https://www.covenantofmayors.eu/about/covenant-community/signatories/action-plan.html?scity_id=14436,GCoMEC:v2
GCoMEC:EUCoM_pledge:ES PUJ,ES PUJ,Absolute emissions reduction,2005,2020,23,percent,https://www.covenantofmayors.eu/about/covenant-community/signatories/action-plan.html?scity_id=12663,GCoMEC:v2
GCoMEC:EUCoM_pledge:ES PUL,ES PUL,Absolute emissions reduction,2007,2020,23,percent,https://www.covenantofmayors.eu/about/covenant-community/signatories/action-plan.html?scity_id=16151,GCoMEC:v2
GCoMEC:EUCoM_pledge:ES PUR,ES PUR,Absolute emissions reduction,2007,2020,21,percent,https://www.covenantofmayors.eu/about/covenant-community/signatories/action-plan.html?scity_id=12296,GCoMEC:v2
GCoMEC:EUCoM_pledge:ES PUS,ES PUS,Absolute emissions reduction,2007,2020,20,percent,https://www.covenantofmayors.eu/about/covenant-community/signatories/action-plan.html?scity_id=12066,GCoMEC:v2
GCoMEC:EUCoM_pledge:ES PUU,ES PUU,Absolute emissions reduction,2007,2020,44,percent,https://www.covenantofmayors.eu/about/covenant-community/signatories/action-plan.html?scity_id=12249,GCoMEC:v2
GCoMEC:EUCoM_pledge:ES PXA,ES PXA,Absolute emissions reduction,2001,2020,21,percent,https://www.covenantofmayors.eu/about/covenant-community/signatories/action-plan.html?scity_id=11933,GCoMEC:v2
GCoMEC:EUCoM_pledge:ES PZN,ES PZN,Absolute emissions reduction,2007,2020,22,percent,https://www.covenantofmayors.eu/about/covenant-community/signatories/action-plan.html?scity_id=13610,GCoMEC:v2
GCoMEC:EUCoM_pledge:ES PZX,ES PZX,Absolute emissions reduction,2005,2020,37,percent,https://www.covenantofmayors.eu/about/covenant-community/signatories/action-plan.html?scity_id=15092,GCoMEC:v2
GCoMEC:EUCoM_pledge:ES QSD,ES QSD,Absolute emissions reduction,2007,2020,23,percent,https://www.covenantofmayors.eu/about/covenant-community/signatories/action-plan.html?scity_id=12080,GCoMEC:v2
GCoMEC:EUCoM_pledge:ES RDC,ES RDC,Absolute emissions reduction,2005,2020,20,percent,https://www.covenantofmayors.eu/about/covenant-community/signatories/action-plan.html?scity_id=18529,GCoMEC:v2
GCoMEC:EUCoM_pledge:ES REF,ES REF,Absolute emissions reduction,2007,2020,20,percent,https://www.covenantofmayors.eu/about/covenant-community/signatories/action-plan.html?scity_id=13266,GCoMEC:v2
GCoMEC:EUCoM_pledge:ES RIJ,ES RIJ,Absolute emissions reduction,2007,2020,41,percent,https://www.covenantofmayors.eu/about/covenant-community/signatories/action-plan.html?scity_id=12931,GCoMEC:v2
GCoMEC:EUCoM_pledge:ES RIU,ES RIU,Absolute emissions reduction,2005,2020,20,percent,https://www.covenantofmayors.eu/about/covenant-community/signatories/action-plan.html?scity_id=11723,GCoMEC:v2
GCoMEC:EUCoM_pledge:ES RNA,ES RNA,Absolute emissions reduction,2007,2020,21,percent,https://www.covenantofmayors.eu/about/covenant-community/signatories/action-plan.html?scity_id=13115,GCoMEC:v2
GCoMEC:EUCoM_pledge:ES ROT,ES ROT,Absolute emissions reduction,2007,2020,20,percent,https://www.covenantofmayors.eu/about/covenant-community/signatories/action-plan.html?scity_id=12528,GCoMEC:v2
GCoMEC:EUCoM_pledge:ES RQM,ES RQM,Absolute emissions reduction,2007,2020,24,percent,https://www.covenantofmayors.eu/about/covenant-community/signatories/action-plan.html?scity_id=12377,GCoMEC:v2
GCoMEC:EUCoM_pledge:ES RSE,ES RSE,Absolute emissions reduction,2007,2020,37,percent,https://www.covenantofmayors.eu/about/covenant-community/signatories/action-plan.html?scity_id=12338,GCoMEC:v2
GCoMEC:EUCoM_pledge:ES RSJ,ES RSJ,Absolute emissions reduction,2007,2020,21,percent,https://www.covenantofmayors.eu/about/covenant-community/signatories/action-plan.html?scity_id=13421,GCoMEC:v2
GCoMEC:EUCoM_pledge:ES SAX,ES SAX,Absolute emissions reduction,2007,2020,22,percent,https://www.covenantofmayors.eu/about/covenant-community/signatories/action-plan.html?scity_id=13035,GCoMEC:v2
GCoMEC:EUCoM_pledge:ES SBA,ES SBA,Absolute emissions reduction,2007,2020,20,percent,https://www.covenantofmayors.eu/about/covenant-community/signatories/action-plan.html?scity_id=12529,GCoMEC:v2
GCoMEC:EUCoM_pledge:ES SBN,ES SBN,Absolute emissions reduction,2005,2020,20,percent,https://www.covenantofmayors.eu/about/covenant-community/signatories/action-plan.html?scity_id=16580,GCoMEC:v2
GCoMEC:EUCoM_pledge:ES SBS,ES SBS,Absolute emissions reduction,2007,2020,23,percent,https://www.covenantofmayors.eu/about/covenant-community/signatories/action-plan.html?scity_id=12317,GCoMEC:v2
GCoMEC:EUCoM_pledge:ES SCQ,ES SCQ,Absolute emissions reduction,2015,2020,20,percent,https://www.covenantofmayors.eu/about/covenant-community/signatories/action-plan.html?scity_id=16812,GCoMEC:v2
GCoMEC:EUCoM_pledge:ES SCT,ES SCT,Absolute emissions reduction,2008,2020,20,percent,https://www.covenantofmayors.eu/about/covenant-community/signatories/action-plan.html?scity_id=16825,GCoMEC:v2
GCoMEC:EUCoM_pledge:ES SDN,ES SDN,Absolute emissions reduction,2005,2020,27,percent,https://www.covenantofmayors.eu/about/covenant-community/signatories/action-plan.html?scity_id=16332,GCoMEC:v2
GCoMEC:EUCoM_pledge:ES SDR,ES SDR,Absolute emissions reduction,2006,2020,20,percent,https://www.covenantofmayors.eu/about/covenant-community/signatories/action-plan.html?scity_id=11750,GCoMEC:v2
GCoMEC:EUCoM_pledge:ES SES,ES SES,Absolute emissions reduction,2005,2020,20,percent,https://www.covenantofmayors.eu/about/covenant-community/signatories/action-plan.html?scity_id=12511,GCoMEC:v2
GCoMEC:EUCoM_pledge:ES SFA,ES SFA,Absolute emissions reduction,2005,2020,20,percent,https://www.covenantofmayors.eu/about/covenant-community/signatories/action-plan.html?scity_id=11676,GCoMEC:v2
GCoMEC:EUCoM_pledge:ES SFO,ES SFO,Absolute emissions reduction,2007,2020,20,percent,https://www.covenantofmayors.eu/about/covenant-community/signatories/action-plan.html?scity_id=12364,GCoMEC:v2
GCoMEC:EUCoM_pledge:ES SJO,ES SJO,Absolute emissions reduction,2005,2030,20,percent,https://www.covenantofmayors.eu/about/covenant-community/signatories/action-plan.html?scity_id=12108,GCoMEC:v2
GCoMEC:EUCoM_pledge:ES SJP,ES SJP,Absolute emissions reduction,2007,2020,22,percent,https://www.covenantofmayors.eu/about/covenant-community/signatories/action-plan.html?scity_id=11726,GCoMEC:v2
GCoMEC:EUCoM_pledge:ES SJV,ES SJV,Absolute emissions reduction,2005,2020,20,percent,https://www.covenantofmayors.eu/about/covenant-community/signatories/action-plan.html?scity_id=16965,GCoMEC:v2
GCoMEC:EUCoM_pledge:ES SLE,ES SLE,Absolute emissions reduction,2005,2020,20,percent,https://www.covenantofmayors.eu/about/covenant-community/signatories/action-plan.html?scity_id=13922,GCoMEC:v2
GCoMEC:EUCoM_pledge:ES SLH,ES SLH,Absolute emissions reduction,2005,2020,26,percent,https://www.covenantofmayors.eu/about/covenant-community/signatories/action-plan.html?scity_id=14567,GCoMEC:v2
GCoMEC:EUCoM_pledge:ES SLS,ES SLS,Absolute emissions reduction,2007,2020,20,percent,https://www.covenantofmayors.eu/about/covenant-community/signatories/action-plan.html?scity_id=12918,GCoMEC:v2
GCoMEC:EUCoM_pledge:ES SM5,ES SM5,Absolute emissions reduction,2005,2020,27,percent,https://www.covenantofmayors.eu/about/covenant-community/signatories/action-plan.html?scity_id=13979,GCoMEC:v2
GCoMEC:EUCoM_pledge:ES SMJ,ES SMJ,Absolute emissions reduction,2008,2020,21,percent,https://www.covenantofmayors.eu/about/covenant-community/signatories/action-plan.html?scity_id=15661,GCoMEC:v2
GCoMEC:EUCoM_pledge:ES SPE,ES SPE,Absolute emissions reduction,2005,2020,20,percent,https://www.covenantofmayors.eu/about/covenant-community/signatories/action-plan.html?scity_id=14280,GCoMEC:v2
GCoMEC:EUCoM_pledge:ES SPM,ES SPM,Absolute emissions reduction,2005,2020,20,percent,https://www.covenantofmayors.eu/about/covenant-community/signatories/action-plan.html?scity_id=11742,GCoMEC:v2
GCoMEC:EUCoM_pledge:ES SPO,ES SPO,Absolute emissions reduction,2007,2020,20,percent,https://www.covenantofmayors.eu/about/covenant-community/signatories/action-plan.html?scity_id=12811,GCoMEC:v2
GCoMEC:EUCoM_pledge:ES SPV,ES SPV,Absolute emissions reduction,2005,2020,23,percent,https://www.covenantofmayors.eu/about/covenant-community/signatories/action-plan.html?scity_id=14645,GCoMEC:v2
GCoMEC:EUCoM_pledge:ES SRQ,ES SRQ,Absolute emissions reduction,2007,2020,20,percent,https://www.covenantofmayors.eu/about/covenant-community/signatories/action-plan.html?scity_id=13218,GCoMEC:v2
GCoMEC:EUCoM_pledge:ES SSA,ES SSA,Absolute emissions reduction,2005,2020,20,percent,https://www.covenantofmayors.eu/about/covenant-community/signatories/action-plan.html?scity_id=12370,GCoMEC:v2
GCoMEC:EUCoM_pledge:ES SVM,ES SVM,Absolute emissions reduction,2005,2020,20,percent,https://www.covenantofmayors.eu/about/covenant-community/signatories/action-plan.html?scity_id=13544,GCoMEC:v2
GCoMEC:EUCoM_pledge:ES SVT,ES SVT,Absolute emissions reduction,2005,2020,22,percent,https://www.covenantofmayors.eu/about/covenant-community/signatories/action-plan.html?scity_id=12113,GCoMEC:v2
GCoMEC:EUCoM_pledge:ES SYG,ES SYG,Absolute emissions reduction,2007,2020,35,percent,https://www.covenantofmayors.eu/about/covenant-community/signatories/action-plan.html?scity_id=13107,GCoMEC:v2
GCoMEC:EUCoM_pledge:ES SYL,ES SYL,Absolute emissions reduction,2007,2020,21,percent,https://www.covenantofmayors.eu/about/covenant-community/signatories/action-plan.html?scity_id=13299,GCoMEC:v2
GCoMEC:EUCoM_pledge:ES TAS,ES TAS,Absolute emissions reduction,2007,2020,20,percent,https://www.covenantofmayors.eu/about/covenant-community/signatories/action-plan.html?scity_id=12316,GCoMEC:v2
GCoMEC:EUCoM_pledge:ES TDS,ES TDS,Absolute emissions reduction,2005,2020,31,percent,https://www.covenantofmayors.eu/about/covenant-community/signatories/action-plan.html?scity_id=16687,GCoMEC:v2
GCoMEC:EUCoM_pledge:ES TEJ,ES TEJ,Absolute emissions reduction,2005,2020,20,percent,https://www.covenantofmayors.eu/about/covenant-community/signatories/action-plan.html?scity_id=14279,GCoMEC:v2
GCoMEC:EUCoM_pledge:ES TG2,ES TG2,Absolute emissions reduction,2005,2020,20,percent,https://www.covenantofmayors.eu/about/covenant-community/signatories/action-plan.html?scity_id=18545,GCoMEC:v2
GCoMEC:EUCoM_pledge:ES TIO,ES TIO,Absolute emissions reduction,2005,2020,23,percent,https://www.covenantofmayors.eu/about/covenant-community/signatories/action-plan.html?scity_id=11747,GCoMEC:v2
GCoMEC:EUCoM_pledge:ES TOA,ES TOA,Absolute emissions reduction,2007,2020,24,percent,https://www.covenantofmayors.eu/about/covenant-community/signatories/action-plan.html?scity_id=13966,GCoMEC:v2
GCoMEC:EUCoM_pledge:ES TON,ES TON,Absolute emissions reduction,2005,2020,20,percent,https://www.covenantofmayors.eu/about/covenant-community/signatories/action-plan.html?scity_id=16593,GCoMEC:v2
GCoMEC:EUCoM_pledge:ES TPP,ES TPP,Absolute emissions reduction,2007,2020,20,percent,https://www.covenantofmayors.eu/about/covenant-community/signatories/action-plan.html?scity_id=11749,GCoMEC:v2
GCoMEC:EUCoM_pledge:ES TQE,ES TQE,Absolute emissions reduction,2005,2020,20,percent,https://www.covenantofmayors.eu/about/covenant-community/signatories/action-plan.html?scity_id=11745,GCoMEC:v2
GCoMEC:EUCoM_pledge:ES TRE,ES TRE,Absolute emissions reduction,2007,2020,60,percent,https://www.covenantofmayors.eu/about/covenant-community/signatories/action-plan.html?scity_id=13219,GCoMEC:v2
GCoMEC:EUCoM_pledge:ES TRF,ES TRF,Absolute emissions reduction,2007,2020,25,percent,https://www.covenantofmayors.eu/about/covenant-community/signatories/action-plan.html?scity_id=12207,GCoMEC:v2
GCoMEC:EUCoM_pledge:ES TRR,ES TRR,Absolute emissions reduction,2005,2030,40,percent,,GCoMEC:v2
GCoMEC:EUCoM_pledge:ES TRV,ES TRV,Absolute emissions reduction,2005,2030,41,percent,,GCoMEC:v2
GCoMEC:EUCoM_pledge:ES TUN,ES TUN,Absolute emissions reduction,2007,2020,21,percent,https://www.covenantofmayors.eu/about/covenant-community/signatories/action-plan.html?scity_id=13084,GCoMEC:v2
GCoMEC:EUCoM_pledge:ES UBQ,ES UBQ,Absolute emissions reduction,2007,2020,23,percent,https://www.covenantofmayors.eu/about/covenant-community/signatories/action-plan.html?scity_id=12347,GCoMEC:v2
GCoMEC:EUCoM_pledge:ES ULL,ES ULL,Absolute emissions reduction,2005,2020,26,percent,https://www.covenantofmayors.eu/about/covenant-community/signatories/action-plan.html?scity_id=11751,GCoMEC:v2
GCoMEC:EUCoM_pledge:ES VAE,ES VAE,Absolute emissions reduction,2005,2020,50,percent,https://www.covenantofmayors.eu/about/covenant-community/signatories/action-plan.html?scity_id=19437,GCoMEC:v2
GCoMEC:EUCoM_pledge:ES VAZ,ES VAZ,Absolute emissions reduction,2007,2020,28,percent,https://www.covenantofmayors.eu/about/covenant-community/signatories/action-plan.html?scity_id=12045,GCoMEC:v2
GCoMEC:EUCoM_pledge:ES VBV,ES VBV,Absolute emissions reduction,2005,2020,34,percent,https://www.covenantofmayors.eu/about/covenant-community/signatories/action-plan.html?scity_id=19078,GCoMEC:v2
GCoMEC:EUCoM_pledge:ES VCD,ES VCD,Absolute emissions reduction,2005,2020,20,percent,https://www.covenantofmayors.eu/about/covenant-community/signatories/action-plan.html?scity_id=17436,GCoMEC:v2
GCoMEC:EUCoM_pledge:ES VCH,ES VCH,Absolute emissions reduction,2007,2020,21,percent,https://www.covenantofmayors.eu/about/covenant-community/signatories/action-plan.html?scity_id=13528,GCoMEC:v2
GCoMEC:EUCoM_pledge:ES VCO,ES VCO,Absolute emissions reduction,2007,2020,20,percent,https://www.covenantofmayors.eu/about/covenant-community/signatories/action-plan.html?scity_id=12095,GCoMEC:v2
GCoMEC:EUCoM_pledge:ES VDA,ES VDA,Absolute emissions reduction,2016,2030,40,percent,,GCoMEC:v2
GCoMEC:EUCoM_pledge:ES VDF,ES VDF,Absolute emissions reduction,2010,2030,40,percent,,GCoMEC:v2
GCoMEC:EUCoM_pledge:ES VDP,ES VDP,Absolute emissions reduction,2005,2030,40,percent,,GCoMEC:v2
GCoMEC:EUCoM_pledge:ES VEB,ES VEB,Absolute emissions reduction,2007,2020,20,percent,https://www.covenantofmayors.eu/about/covenant-community/signatories/action-plan.html?scity_id=12253,GCoMEC:v2
GCoMEC:EUCoM_pledge:ES VEC,ES VEC,Absolute emissions reduction,2007,2020,21,percent,https://www.covenantofmayors.eu/about/covenant-community/signatories/action-plan.html?scity_id=11753,GCoMEC:v2
GCoMEC:EUCoM_pledge:ES VEL,ES VEL,Absolute emissions reduction,2007,2020,20,percent,https://www.covenantofmayors.eu/about/covenant-community/signatories/action-plan.html?scity_id=12387,GCoMEC:v2
GCoMEC:EUCoM_pledge:ES VEV,ES VEV,Absolute emissions reduction,2005,2020,21,percent,https://www.covenantofmayors.eu/about/covenant-community/signatories/action-plan.html?scity_id=13341,GCoMEC:v2
GCoMEC:EUCoM_pledge:ES VIA,ES VIA,Absolute emissions reduction,2007,2020,20,percent,https://www.covenantofmayors.eu/about/covenant-community/signatories/action-plan.html?scity_id=12378,GCoMEC:v2
GCoMEC:EUCoM_pledge:ES VIC,ES VIC,Absolute emissions reduction,2005,2020,20,percent,https://www.covenantofmayors.eu/about/covenant-community/signatories/action-plan.html?scity_id=11754,GCoMEC:v2
GCoMEC:EUCoM_pledge:ES VIO,ES VIO,Absolute emissions reduction,2007,2020,24,percent,https://www.covenantofmayors.eu/about/covenant-community/signatories/action-plan.html?scity_id=12448,GCoMEC:v2
GCoMEC:EUCoM_pledge:ES VIQ,ES VIQ,Absolute emissions reduction,2007,2020,22,percent,https://www.covenantofmayors.eu/about/covenant-community/signatories/action-plan.html?scity_id=12379,GCoMEC:v2
GCoMEC:EUCoM_pledge:ES VIT,ES VIT,Absolute emissions reduction,2006,2020,26,percent,https://www.covenantofmayors.eu/about/covenant-community/signatories/action-plan.html?scity_id=11760,GCoMEC:v2
GCoMEC:EUCoM_pledge:ES VJF,ES VJF,Absolute emissions reduction,2007,2020,20,percent,https://www.covenantofmayors.eu/about/covenant-community/signatories/action-plan.html?scity_id=12354,GCoMEC:v2
GCoMEC:EUCoM_pledge:ES VLC,ES VLC,Absolute emissions reduction,2007,2020,20,percent,https://www.covenantofmayors.eu/about/covenant-community/signatories/action-plan.html?scity_id=11935,GCoMEC:v2
GCoMEC:EUCoM_pledge:ES VLL,ES VLL,Absolute emissions reduction,2010,2020,20,percent,https://www.covenantofmayors.eu/about/covenant-community/signatories/action-plan.html?scity_id=14138,GCoMEC:v2
GCoMEC:EUCoM_pledge:ES VNA,ES VNA,Absolute emissions reduction,2002,2020,29,percent,https://www.covenantofmayors.eu/about/covenant-community/signatories/action-plan.html?scity_id=13061,GCoMEC:v2
GCoMEC:EUCoM_pledge:ES VNZ,ES VNZ,Absolute emissions reduction,2005,2020,21,percent,https://www.covenantofmayors.eu/about/covenant-community/signatories/action-plan.html?scity_id=12494,GCoMEC:v2
GCoMEC:EUCoM_pledge:ES VRD,ES VRD,Absolute emissions reduction,2005,2020,20,percent,https://www.covenantofmayors.eu/about/covenant-community/signatories/action-plan.html?scity_id=12830,GCoMEC:v2
GCoMEC:EUCoM_pledge:ES VRR,ES VRR,Absolute emissions reduction,2005,2020,20,percent,https://www.covenantofmayors.eu/about/covenant-community/signatories/action-plan.html?scity_id=16078,GCoMEC:v2
GCoMEC:EUCoM_pledge:ES VTC,ES VTC,Absolute emissions reduction,2007,2020,20,percent,https://www.covenantofmayors.eu/about/covenant-community/signatories/action-plan.html?scity_id=13113,GCoMEC:v2
GCoMEC:EUCoM_pledge:ES VTL,ES VTL,Absolute emissions reduction,2007,2020,21,percent,https://www.covenantofmayors.eu/about/covenant-community/signatories/action-plan.html?scity_id=13499,GCoMEC:v2
GCoMEC:EUCoM_pledge:ES VVS,ES VVS,Absolute emissions reduction,2008,2020,20,percent,https://www.covenantofmayors.eu/about/covenant-community/signatories/action-plan.html?scity_id=15913,GCoMEC:v2
GCoMEC:EUCoM_pledge:ES ZAC,ES ZAC,Absolute emissions reduction,2007,2020,21,percent,https://www.covenantofmayors.eu/about/covenant-community/signatories/action-plan.html?scity_id=13086,GCoMEC:v2
GCoMEC:EUCoM_pledge:ES ZAI,ES ZAI,Absolute emissions reduction,2007,2020,20,percent,https://www.covenantofmayors.eu/about/covenant-community/signatories/action-plan.html?scity_id=11625,GCoMEC:v2
GCoMEC:EUCoM_pledge:ES ZAQ,ES ZAQ,Absolute emissions reduction,2007,2020,36,percent,https://www.covenantofmayors.eu/about/covenant-community/signatories/action-plan.html?scity_id=13155,GCoMEC:v2
GCoMEC:EUCoM_pledge:ES ZAX,ES ZAX,Absolute emissions reduction,2007,2020,20,percent,https://www.covenantofmayors.eu/about/covenant-community/signatories/action-plan.html?scity_id=13114,GCoMEC:v2
GCoMEC:EUCoM_pledge:ES ZBC,ES ZBC,Absolute emissions reduction,2009,2020,20,percent,https://www.covenantofmayors.eu/about/covenant-community/signatories/action-plan.html?scity_id=12280,GCoMEC:v2
GCoMEC:EUCoM_pledge:ES ZBJ,ES ZBJ,Absolute emissions reduction,2007,2020,20,percent,https://www.covenantofmayors.eu/about/covenant-community/signatories/action-plan.html?scity_id=15017,GCoMEC:v2
GCoMEC:EUCoM_pledge:ES ZBU,ES ZBU,Absolute emissions reduction,2007,2020,21,percent,https://www.covenantofmayors.eu/about/covenant-community/signatories/action-plan.html?scity_id=12328,GCoMEC:v2
GCoMEC:EUCoM_pledge:ES ZCN,ES ZCN,Absolute emissions reduction,2007,2020,21,percent,https://www.covenantofmayors.eu/about/covenant-community/signatories/action-plan.html?scity_id=13070,GCoMEC:v2
GCoMEC:EUCoM_pledge:ES ZEA,ES ZEA,Absolute emissions reduction,2007,2020,20,percent,https://www.covenantofmayors.eu/about/covenant-community/signatories/action-plan.html?scity_id=12336,GCoMEC:v2
GCoMEC:EUCoM_pledge:ES ZEB,ES ZEB,Absolute emissions reduction,2005,2020,21,percent,https://www.covenantofmayors.eu/about/covenant-community/signatories/action-plan.html?scity_id=12517,GCoMEC:v2
GCoMEC:EUCoM_pledge:ES ZEG,ES ZEG,Absolute emissions reduction,2007,2020,20,percent,https://www.covenantofmayors.eu/about/covenant-community/signatories/action-plan.html?scity_id=13092,GCoMEC:v2
GCoMEC:EUCoM_pledge:ES ZEL,ES ZEL,Absolute emissions reduction,2007,2020,24,percent,https://www.covenantofmayors.eu/about/covenant-community/signatories/action-plan.html?scity_id=11652,GCoMEC:v2
GCoMEC:EUCoM_pledge:ES ZEP,ES ZEP,Absolute emissions reduction,2005,2020,20,percent,https://www.covenantofmayors.eu/about/covenant-community/signatories/action-plan.html?scity_id=14084,GCoMEC:v2
GCoMEC:EUCoM_pledge:ES ZFC,ES ZFC,Absolute emissions reduction,2007,2020,20,percent,https://www.covenantofmayors.eu/about/covenant-community/signatories/action-plan.html?scity_id=12168,GCoMEC:v2
GCoMEC:EUCoM_pledge:ES ZGA,ES ZGA,Absolute emissions reduction,2007,2020,20,percent,https://www.covenantofmayors.eu/about/covenant-community/signatories/action-plan.html?scity_id=11931,GCoMEC:v2
GCoMEC:EUCoM_pledge:ES ZGC,ES ZGC,Absolute emissions reduction,2007,2020,20,percent,https://www.covenantofmayors.eu/about/covenant-community/signatories/action-plan.html?scity_id=13489,GCoMEC:v2
GCoMEC:EUCoM_pledge:ES ZGR,ES ZGR,Absolute emissions reduction,2007,2020,20,percent,https://www.covenantofmayors.eu/about/covenant-community/signatories/action-plan.html?scity_id=14924,GCoMEC:v2
GCoMEC:EUCoM_pledge:ES ZGV,ES ZGV,Absolute emissions reduction,2007,2020,20,percent,https://www.covenantofmayors.eu/about/covenant-community/signatories/action-plan.html?scity_id=14314,GCoMEC:v2
GCoMEC:EUCoM_pledge:ES ZGW,ES ZGW,Absolute emissions reduction,2005,2020,23,percent,https://www.covenantofmayors.eu/about/covenant-community/signatories/action-plan.html?scity_id=17148,GCoMEC:v2
GCoMEC:EUCoM_pledge:ES ZIS,ES ZIS,Absolute emissions reduction,2005,2020,20,percent,https://www.covenantofmayors.eu/about/covenant-community/signatories/action-plan.html?scity_id=13914,GCoMEC:v2
GCoMEC:EUCoM_pledge:ES ZJM,ES ZJM,Absolute emissions reduction,2005,2020,20,percent,https://www.covenantofmayors.eu/about/covenant-community/signatories/action-plan.html?scity_id=12371,GCoMEC:v2
GCoMEC:EUCoM_pledge:ES ZJY,ES ZJY,Absolute emissions reduction,2007,2020,20,percent,https://www.covenantofmayors.eu/about/covenant-community/signatories/action-plan.html?scity_id=11719,GCoMEC:v2
GCoMEC:EUCoM_pledge:ES ZKD,ES ZKD,Absolute emissions reduction,2007,2020,25,percent,https://www.covenantofmayors.eu/about/covenant-community/signatories/action-plan.html?scity_id=12374,GCoMEC:v2
GCoMEC:EUCoM_pledge:ES ZKT,ES ZKT,Absolute emissions reduction,2007,2020,20,percent,https://www.covenantofmayors.eu/about/covenant-community/signatories/action-plan.html?scity_id=12435,GCoMEC:v2
GCoMEC:EUCoM_pledge:ES ZLN,ES ZLN,Absolute emissions reduction,2005,2020,21,percent,https://www.covenantofmayors.eu/about/covenant-community/signatories/action-plan.html?scity_id=12732,GCoMEC:v2
GCoMEC:EUCoM_pledge:ES ZLS,ES ZLS,Absolute emissions reduction,2005,2020,20,percent,https://www.covenantofmayors.eu/about/covenant-community/signatories/action-plan.html?scity_id=12369,GCoMEC:v2
GCoMEC:EUCoM_pledge:ES ZLU,ES ZLU,Absolute emissions reduction,2005,2020,39,percent,https://www.covenantofmayors.eu/about/covenant-community/signatories/action-plan.html?scity_id=12131,GCoMEC:v2
GCoMEC:EUCoM_pledge:ES ZMC,ES ZMC,Absolute emissions reduction,2005,2020,20,percent,https://www.covenantofmayors.eu/about/covenant-community/signatories/action-plan.html?scity_id=16099,GCoMEC:v2
GCoMEC:EUCoM_pledge:ES ZNB,ES ZNB,Absolute emissions reduction,2007,2020,22,percent,https://www.covenantofmayors.eu/about/covenant-community/signatories/action-plan.html?scity_id=12322,GCoMEC:v2
GCoMEC:EUCoM_pledge:ES ZND,ES ZND,Absolute emissions reduction,2007,2020,45,percent,https://www.covenantofmayors.eu/about/covenant-community/signatories/action-plan.html?scity_id=13617,GCoMEC:v2
GCoMEC:EUCoM_pledge:ES ZNS,ES ZNS,Absolute emissions reduction,2007,2020,21,percent,https://www.covenantofmayors.eu/about/covenant-community/signatories/action-plan.html?scity_id=13109,GCoMEC:v2
GCoMEC:EUCoM_pledge:ES ZNT,ES ZNT,Absolute emissions reduction,2007,2020,20,percent,https://www.covenantofmayors.eu/about/covenant-community/signatories/action-plan.html?scity_id=12177,GCoMEC:v2
GCoMEC:EUCoM_pledge:ES ZUV,ES ZUV,Absolute emissions reduction,2007,2020,20,percent,https://www.covenantofmayors.eu/about/covenant-community/signatories/action-plan.html?scity_id=12286,GCoMEC:v2
GCoMEC:EUCoM_pledge:ES ZYY,ES ZYY,Absolute emissions reduction,2007,2020,20,percent,https://www.covenantofmayors.eu/about/covenant-community/signatories/action-plan.html?scity_id=12255,GCoMEC:v2
GCoMEC:EUCoM_pledge:FI JOE,FI JOE,Absolute emissions reduction,2012,2020,40,percent,https://www.covenantofmayors.eu/about/covenant-community/signatories/action-plan.html?scity_id=18126,GCoMEC:v2
GCoMEC:EUCoM_pledge:FR AES,FR AES,Absolute emissions reduction,2008,2020,20,percent,https://www.covenantofmayors.eu/about/covenant-community/signatories/action-plan.html?scity_id=14253,GCoMEC:v2
GCoMEC:EUCoM_pledge:FR AMI,FR AMI,Absolute emissions reduction,2014,2030,40,percent,https://www.covenantofmayors.eu/about/covenant-community/signatories/action-plan.html?scity_id=19433,GCoMEC:v2
GCoMEC:EUCoM_pledge:FR BSN,FR BSN,Absolute emissions reduction,2008,2020,20,percent,https://www.covenantofmayors.eu/about/covenant-community/signatories/action-plan.html?scity_id=11937,GCoMEC:v2
GCoMEC:EUCoM_pledge:FR CFE,FR CFE,Absolute emissions reduction,1995,2020,24,percent,https://www.covenantofmayors.eu/about/covenant-community/signatories/action-plan.html?scity_id=12098,GCoMEC:v2
GCoMEC:EUCoM_pledge:FR CMR,FR CMR,Absolute emissions reduction,2007,2020,20,percent,https://www.covenantofmayors.eu/about/covenant-community/signatories/action-plan.html?scity_id=13301,GCoMEC:v2
GCoMEC:EUCoM_pledge:FR ECH,FR ECH,Absolute emissions reduction,2004,2020,20,percent,https://www.covenantofmayors.eu/about/covenant-community/signatories/action-plan.html?scity_id=12052,GCoMEC:v2
GCoMEC:EUCoM_pledge:FR GNB,FR GNB,Absolute emissions reduction,2005,2020,35,percent,https://www.covenantofmayors.eu/about/covenant-community/signatories/action-plan.html?scity_id=11779,GCoMEC:v2
GCoMEC:EUCoM_pledge:FR IKG,FR IKG,Absolute emissions reduction,2003,2020,20,percent,https://www.covenantofmayors.eu/about/covenant-community/signatories/action-plan.html?scity_id=12880,GCoMEC:v2
GCoMEC:EUCoM_pledge:FR LIO,FR LIO,Absolute emissions reduction,2000,2020,20,percent,https://www.covenantofmayors.eu/about/covenant-community/signatories/action-plan.html?scity_id=11786,GCoMEC:v2
GCoMEC:EUCoM_pledge:FR MZM,FR MZM,Absolute emissions reduction,2010,2020,22,percent,https://www.covenantofmayors.eu/about/covenant-community/signatories/action-plan.html?scity_id=12116,GCoMEC:v2
GCoMEC:EUCoM_pledge:FR NTE,FR NTE,Absolute emissions reduction,2003,2020,30,percent,https://www.covenantofmayors.eu/about/covenant-community/signatories/action-plan.html?scity_id=11791,GCoMEC:v2
GCoMEC:EUCoM_pledge:FR PAR,FR PAR,Absolute emissions reduction,2004,2020,25,percent,https://www.covenantofmayors.eu/about/covenant-community/signatories/action-plan.html?scity_id=11794,GCoMEC:v2
GCoMEC:EUCoM_pledge:FR SXB,FR SXB,Absolute emissions reduction,1990,2020,30,percent,,GCoMEC:v2
GCoMEC:EUCoM_pledge:GB ABD,GB ABD,Absolute emissions reduction,2005,2020,31,percent,https://www.covenantofmayors.eu/about/covenant-community/signatories/action-plan.html?scity_id=12053,GCoMEC:v2
GCoMEC:EUCoM_pledge:GB BRS,GB BRS,Absolute emissions reduction,2005,2020,40,percent,https://www.covenantofmayors.eu/about/covenant-community/signatories/action-plan.html?scity_id=11945,GCoMEC:v2
GCoMEC:EUCoM_pledge:GB CDF,GB CDF,Absolute emissions reduction,2005,2020,26,percent,https://www.covenantofmayors.eu/about/covenant-community/signatories/action-plan.html?scity_id=13147,GCoMEC:v2
GCoMEC:EUCoM_pledge:GB GAT,GB GAT,Absolute emissions reduction,2005,2020,24,percent,https://www.covenantofmayors.eu/about/covenant-community/signatories/action-plan.html?scity_id=11904,GCoMEC:v2
GCoMEC:EUCoM_pledge:GB GLW,GB GLW,Absolute emissions reduction,2006,2020,30,percent,https://www.covenantofmayors.eu/about/covenant-community/signatories/action-plan.html?scity_id=12432,GCoMEC:v2
GCoMEC:EUCoM_pledge:GB MIK,GB MIK,Absolute emissions reduction,2005,2020,40,percent,https://www.covenantofmayors.eu/about/covenant-community/signatories/action-plan.html?scity_id=12566,GCoMEC:v2
GCoMEC:EUCoM_pledge:GB OXF,GB OXF,Absolute emissions reduction,2005,2020,25,percent,https://www.covenantofmayors.eu/about/covenant-community/signatories/action-plan.html?scity_id=18609,GCoMEC:v2
GCoMEC:EUCoM_pledge:GB POO,GB POO,Absolute emissions reduction,2005,2020,30,percent,https://www.covenantofmayors.eu/about/covenant-community/signatories/action-plan.html?scity_id=16025,GCoMEC:v2
GCoMEC:EUCoM_pledge:GB SUN,GB SUN,Absolute emissions reduction,2005,2020,29,percent,https://www.covenantofmayors.eu/about/covenant-community/signatories/action-plan.html?scity_id=11913,GCoMEC:v2
GCoMEC:EUCoM_pledge:GE TBS,GE TBS,Absolute emissions reduction,2009,2020,25,percent,https://www.covenantofmayors.eu/about/covenant-community/signatories/action-plan.html?scity_id=13016,GCoMEC:v2
GCoMEC:EUCoM_pledge:GR ANS,GR ANS,Absolute emissions reduction,2012,2020,20,percent,https://www.covenantofmayors.eu/about/covenant-community/signatories/action-plan.html?scity_id=14974,GCoMEC:v2
GCoMEC:EUCoM_pledge:GR AXD,GR AXD,Absolute emissions reduction,2011,2020,20,percent,https://www.covenantofmayors.eu/about/covenant-community/signatories/action-plan.html?scity_id=14956,GCoMEC:v2
GCoMEC:EUCoM_pledge:GR DRM,GR DRM,Absolute emissions reduction,2012,2020,20,percent,https://www.covenantofmayors.eu/about/covenant-community/signatories/action-plan.html?scity_id=15581,GCoMEC:v2
GCoMEC:EUCoM_pledge:GR EDE,GR EDE,Absolute emissions reduction,2010,2020,38,percent,https://www.covenantofmayors.eu/about/covenant-community/signatories/action-plan.html?scity_id=14364,GCoMEC:v2
GCoMEC:EUCoM_pledge:GR GAI,GR GAI,Absolute emissions reduction,2010,2020,24,percent,https://www.covenantofmayors.eu/about/covenant-community/signatories/action-plan.html?scity_id=14292,GCoMEC:v2
GCoMEC:EUCoM_pledge:GR GFD,GR GFD,Absolute emissions reduction,2014,2020,20,percent,https://www.covenantofmayors.eu/about/covenant-community/signatories/action-plan.html?scity_id=17958,GCoMEC:v2
GCoMEC:EUCoM_pledge:GR ILO,GR ILO,Absolute emissions reduction,2009,2020,20,percent,https://www.covenantofmayors.eu/about/covenant-community/signatories/action-plan.html?scity_id=14162,GCoMEC:v2
GCoMEC:EUCoM_pledge:GR KVA,GR KVA,Absolute emissions reduction,2011,2020,20,percent,https://www.covenantofmayors.eu/about/covenant-community/signatories/action-plan.html?scity_id=13952,GCoMEC:v2
GCoMEC:EUCoM_pledge:GR KZI,GR KZI,Absolute emissions reduction,2010,2020,21,percent,https://www.covenantofmayors.eu/about/covenant-community/signatories/action-plan.html?scity_id=15539,GCoMEC:v2
GCoMEC:EUCoM_pledge:GR THR,GR THR,Absolute emissions reduction,2008,2020,24,percent,https://www.covenantofmayors.eu/about/covenant-community/signatories/action-plan.html?scity_id=12038,GCoMEC:v2
GCoMEC:EUCoM_pledge:HR BUZ,HR BUZ,Absolute emissions reduction,2011,2020,26,percent,https://www.covenantofmayors.eu/about/covenant-community/signatories/action-plan.html?scity_id=14260,GCoMEC:v2
GCoMEC:EUCoM_pledge:HR CAK,HR CAK,Absolute emissions reduction,2013,2020,20,percent,https://www.covenantofmayors.eu/about/covenant-community/signatories/action-plan.html?scity_id=19151,GCoMEC:v2
GCoMEC:EUCoM_pledge:HR HPG,HR HPG,Absolute emissions reduction,2011,2020,20,percent,https://www.covenantofmayors.eu/about/covenant-community/signatories/action-plan.html?scity_id=17778,GCoMEC:v2
GCoMEC:EUCoM_pledge:HR JBO,HR JBO,Absolute emissions reduction,2009,2020,30,percent,https://www.covenantofmayors.eu/about/covenant-community/signatories/action-plan.html?scity_id=12868,GCoMEC:v2
GCoMEC:EUCoM_pledge:HR KAR,HR KAR,Absolute emissions reduction,2009,2020,20,percent,https://www.covenantofmayors.eu/about/covenant-community/signatories/action-plan.html?scity_id=12942,GCoMEC:v2
GCoMEC:EUCoM_pledge:HR KOV,HR KOV,Absolute emissions reduction,2006,2020,50,percent,https://www.covenantofmayors.eu/about/covenant-community/signatories/action-plan.html?scity_id=13672,GCoMEC:v2
GCoMEC:EUCoM_pledge:HR KRK,HR KRK,Absolute emissions reduction,2011,2020,21,percent,https://www.covenantofmayors.eu/about/covenant-community/signatories/action-plan.html?scity_id=14587,GCoMEC:v2
GCoMEC:EUCoM_pledge:HR PAZ,HR PAZ,Absolute emissions reduction,2011,2020,22,percent,https://www.covenantofmayors.eu/about/covenant-community/signatories/action-plan.html?scity_id=16669,GCoMEC:v2
GCoMEC:EUCoM_pledge:HR RJK,HR RJK,Absolute emissions reduction,2008,2020,21,percent,https://www.covenantofmayors.eu/about/covenant-community/signatories/action-plan.html?scity_id=11813,GCoMEC:v2
GCoMEC:EUCoM_pledge:HR ROV,HR ROV,Absolute emissions reduction,2010,2020,20,percent,https://www.covenantofmayors.eu/about/covenant-community/signatories/action-plan.html?scity_id=14261,GCoMEC:v2
GCoMEC:EUCoM_pledge:HR VGO,HR VGO,Absolute emissions reduction,2008,2020,51,percent,https://www.covenantofmayors.eu/about/covenant-community/signatories/action-plan.html?scity_id=13005,GCoMEC:v2
GCoMEC:EUCoM_pledge:HR ZAD,HR ZAD,Absolute emissions reduction,2010,2020,21,percent,https://www.covenantofmayors.eu/about/covenant-community/signatories/action-plan.html?scity_id=15709,GCoMEC:v2
GCoMEC:EUCoM_pledge:HR ZAG,HR ZAG,Absolute emissions reduction,2008,2020,21,percent,https://www.covenantofmayors.eu/about/covenant-community/signatories/action-plan.html?scity_id=12017,GCoMEC:v2
GCoMEC:EUCoM_pledge:HU BUA,HU BUA,Absolute emissions reduction,2009,2020,20,percent,https://www.covenantofmayors.eu/about/covenant-community/signatories/action-plan.html?scity_id=14255,GCoMEC:v2
GCoMEC:EUCoM_pledge:HU BUD,HU BUD,Absolute emissions reduction,2005,2020,21,percent,https://www.covenantofmayors.eu/about/covenant-community/signatories/action-plan.html?scity_id=11938,GCoMEC:v2
GCoMEC:EUCoM_pledge:HU HSZ,HU HSZ,Absolute emissions reduction,2004,2020,28,percent,,GCoMEC:v2
GCoMEC:EUCoM_pledge:HU MCQ,HU MCQ,Absolute emissions reduction,2008,2020,20,percent,https://www.covenantofmayors.eu/about/covenant-community/signatories/action-plan.html?scity_id=18904,GCoMEC:v2
GCoMEC:EUCoM_pledge:HU MFE,HU MFE,Absolute emissions reduction,2004,2020,73,percent,,GCoMEC:v2
GCoMEC:EUCoM_pledge:HU SZK,HU SZK,Absolute emissions reduction,2011,2020,20,percent,https://www.covenantofmayors.eu/about/covenant-community/signatories/action-plan.html?scity_id=18341,GCoMEC:v2
GCoMEC:EUCoM_pledge:HU TZS,HU TZS,Absolute emissions reduction,2008,2020,22,percent,https://www.covenantofmayors.eu/about/covenant-community/signatories/action-plan.html?scity_id=14630,GCoMEC:v2
GCoMEC:EUCoM_pledge:IE TPY,IE TPY,Absolute emissions reduction,2005,2020,30,percent,https://www.covenantofmayors.eu/about/covenant-community/signatories/action-plan.html?scity_id=18935,GCoMEC:v2
GCoMEC:EUCoM_pledge:IS REY,IS REY,Absolute emissions reduction,2007,2020,22,percent,https://www.covenantofmayors.eu/about/covenant-community/signatories/action-plan.html?scity_id=13308,GCoMEC:v2
GCoMEC:EUCoM_pledge:IT 2C8,IT 2C8,Absolute emissions reduction,2005,2020,20,percent,https://www.covenantofmayors.eu/about/covenant-community/signatories/action-plan.html?scity_id=14224,GCoMEC:v2
GCoMEC:EUCoM_pledge:IT 2TT,IT 2TT,Absolute emissions reduction,2006,2020,22,percent,https://www.covenantofmayors.eu/about/covenant-community/signatories/action-plan.html?scity_id=18032,GCoMEC:v2
GCoMEC:EUCoM_pledge:IT 8CR,IT 8CR,Absolute emissions reduction,2005,2020,20,percent,https://www.covenantofmayors.eu/about/covenant-community/signatories/action-plan.html?scity_id=15597,GCoMEC:v2
GCoMEC:EUCoM_pledge:IT 9GG,IT 9GG,Absolute emissions reduction,2005,2020,23,percent,https://www.covenantofmayors.eu/about/covenant-community/signatories/action-plan.html?scity_id=17309,GCoMEC:v2
GCoMEC:EUCoM_pledge:IT 9RT,IT 9RT,Absolute emissions reduction,2007,2020,31,percent,https://www.covenantofmayors.eu/about/covenant-community/signatories/action-plan.html?scity_id=16081,GCoMEC:v2
GCoMEC:EUCoM_pledge:IT AAC,IT AAC,Absolute emissions reduction,2005,2020,20,percent,https://www.covenantofmayors.eu/about/covenant-community/signatories/action-plan.html?scity_id=15367,GCoMEC:v2
GCoMEC:EUCoM_pledge:IT AAO,IT AAO,Absolute emissions reduction,2005,2020,37,percent,https://www.covenantofmayors.eu/about/covenant-community/signatories/action-plan.html?scity_id=18610,GCoMEC:v2
GCoMEC:EUCoM_pledge:IT ABD,IT ABD,Absolute emissions reduction,2005,2020,20,percent,https://www.covenantofmayors.eu/about/covenant-community/signatories/action-plan.html?scity_id=13002,GCoMEC:v2
GCoMEC:EUCoM_pledge:IT ABI,IT ABI,Absolute emissions reduction,2005,2020,20,percent,https://www.covenantofmayors.eu/about/covenant-community/signatories/action-plan.html?scity_id=19403,GCoMEC:v2
GCoMEC:EUCoM_pledge:IT ABL,IT ABL,Absolute emissions reduction,2004,2020,20,percent,https://www.covenantofmayors.eu/about/covenant-community/signatories/action-plan.html?scity_id=14387,GCoMEC:v2
GCoMEC:EUCoM_pledge:IT ABN,IT ABN,Absolute emissions reduction,2010,2020,25,percent,https://www.covenantofmayors.eu/about/covenant-community/signatories/action-plan.html?scity_id=12948,GCoMEC:v2
GCoMEC:EUCoM_pledge:IT ACZ,IT ACZ,Absolute emissions reduction,2005,2020,29,percent,https://www.covenantofmayors.eu/about/covenant-community/signatories/action-plan.html?scity_id=16425,GCoMEC:v2
GCoMEC:EUCoM_pledge:IT ADO,IT ADO,Absolute emissions reduction,2005,2020,25,percent,https://www.covenantofmayors.eu/about/covenant-community/signatories/action-plan.html?scity_id=13455,GCoMEC:v2
GCoMEC:EUCoM_pledge:IT AEE,IT AEE,Absolute emissions reduction,2005,2020,20,percent,https://www.covenantofmayors.eu/about/covenant-community/signatories/action-plan.html?scity_id=13631,GCoMEC:v2
GCoMEC:EUCoM_pledge:IT AEV,IT AEV,Absolute emissions reduction,2005,2020,21,percent,https://www.covenantofmayors.eu/about/covenant-community/signatories/action-plan.html?scity_id=17038,GCoMEC:v2
GCoMEC:EUCoM_pledge:IT AEZ,IT AEZ,Absolute emissions reduction,2005,2020,30,percent,https://www.covenantofmayors.eu/about/covenant-community/signatories/action-plan.html?scity_id=15630,GCoMEC:v2
GCoMEC:EUCoM_pledge:IT AFS,IT AFS,Absolute emissions reduction,2008,2020,61,percent,https://www.covenantofmayors.eu/about/covenant-community/signatories/action-plan.html?scity_id=28315,GCoMEC:v2
GCoMEC:EUCoM_pledge:IT AGB,IT AGB,Absolute emissions reduction,2005,2020,20,percent,https://www.covenantofmayors.eu/about/covenant-community/signatories/action-plan.html?scity_id=12980,GCoMEC:v2
GCoMEC:EUCoM_pledge:IT AGE,IT AGE,Absolute emissions reduction,2005,2020,20,percent,https://www.covenantofmayors.eu/about/covenant-community/signatories/action-plan.html?scity_id=15425,GCoMEC:v2
GCoMEC:EUCoM_pledge:IT AGM,IT AGM,Absolute emissions reduction,2011,2020,22,percent,https://www.covenantofmayors.eu/about/covenant-community/signatories/action-plan.html?scity_id=16228,GCoMEC:v2
GCoMEC:EUCoM_pledge:IT AGS,IT AGS,Absolute emissions reduction,2005,2020,20,percent,https://www.covenantofmayors.eu/about/covenant-community/signatories/action-plan.html?scity_id=15307,GCoMEC:v2
GCoMEC:EUCoM_pledge:IT AGZ,IT AGZ,Absolute emissions reduction,2007,2020,21,percent,https://www.covenantofmayors.eu/about/covenant-community/signatories/action-plan.html?scity_id=13137,GCoMEC:v2
GCoMEC:EUCoM_pledge:IT AKA,IT AKA,Absolute emissions reduction,2011,2020,22,percent,https://www.covenantofmayors.eu/about/covenant-community/signatories/action-plan.html?scity_id=11959,GCoMEC:v2
GCoMEC:EUCoM_pledge:IT ALE,IT ALE,Absolute emissions reduction,2005,2020,37,percent,https://www.covenantofmayors.eu/about/covenant-community/signatories/action-plan.html?scity_id=11817,GCoMEC:v2
GCoMEC:EUCoM_pledge:IT ALR,IT ALR,Absolute emissions reduction,2005,2020,20,percent,https://www.covenantofmayors.eu/about/covenant-community/signatories/action-plan.html?scity_id=17028,GCoMEC:v2
GCoMEC:EUCoM_pledge:IT AMB,IT AMB,Absolute emissions reduction,2005,2020,20,percent,https://www.covenantofmayors.eu/about/covenant-community/signatories/action-plan.html?scity_id=14377,GCoMEC:v2
GCoMEC:EUCoM_pledge:IT AML,IT AML,Absolute emissions reduction,2005,2020,34,percent,https://www.covenantofmayors.eu/about/covenant-community/signatories/action-plan.html?scity_id=16766,GCoMEC:v2
GCoMEC:EUCoM_pledge:IT ANE,IT ANE,Absolute emissions reduction,2005,2020,20,percent,https://www.covenantofmayors.eu/about/covenant-community/signatories/action-plan.html?scity_id=15049,GCoMEC:v2
GCoMEC:EUCoM_pledge:IT ANN,IT ANN,Absolute emissions reduction,2005,2020,20,percent,https://www.covenantofmayors.eu/about/covenant-community/signatories/action-plan.html?scity_id=15595,GCoMEC:v2
GCoMEC:EUCoM_pledge:IT AOI,IT AOI,Absolute emissions reduction,2005,2020,22,percent,https://www.covenantofmayors.eu/about/covenant-community/signatories/action-plan.html?scity_id=11818,GCoMEC:v2
GCoMEC:EUCoM_pledge:IT AON,IT AON,Absolute emissions reduction,2005,2030,41,percent,https://www.covenantofmayors.eu/about/covenant-community/signatories/action-plan.html?scity_id=19750,GCoMEC:v2
GCoMEC:EUCoM_pledge:IT APG,IT APG,Absolute emissions reduction,2005,2020,20,percent,https://www.covenantofmayors.eu/about/covenant-community/signatories/action-plan.html?scity_id=18861,GCoMEC:v2
GCoMEC:EUCoM_pledge:IT ARC,IT ARC,Absolute emissions reduction,2005,2020,22,percent,https://www.covenantofmayors.eu/about/covenant-community/signatories/action-plan.html?scity_id=15336,GCoMEC:v2
GCoMEC:EUCoM_pledge:IT ARI,IT ARI,Absolute emissions reduction,2005,2030,40,percent,https://www.covenantofmayors.eu/about/covenant-community/signatories/action-plan.html?scity_id=19778,GCoMEC:v2
GCoMEC:EUCoM_pledge:IT ARN,IT ARN,Absolute emissions reduction,2006,2020,21,percent,https://www.covenantofmayors.eu/about/covenant-community/signatories/action-plan.html?scity_id=18838,GCoMEC:v2
GCoMEC:EUCoM_pledge:IT ARV,IT ARV,Absolute emissions reduction,2005,2020,20,percent,https://www.covenantofmayors.eu/about/covenant-community/signatories/action-plan.html?scity_id=13543,GCoMEC:v2
GCoMEC:EUCoM_pledge:IT ASG,IT ASG,Absolute emissions reduction,2005,2020,20,percent,https://www.covenantofmayors.eu/about/covenant-community/signatories/action-plan.html?scity_id=15601,GCoMEC:v2
GCoMEC:EUCoM_pledge:IT ASI,IT ASI,Absolute emissions reduction,2008,2030,40,percent,https://www.covenantofmayors.eu/about/covenant-community/signatories/action-plan.html?scity_id=20353,GCoMEC:v2
GCoMEC:EUCoM_pledge:IT ASP,IT ASP,Absolute emissions reduction,2005,2020,23,percent,https://www.covenantofmayors.eu/about/covenant-community/signatories/action-plan.html?scity_id=15003,GCoMEC:v2
GCoMEC:EUCoM_pledge:IT ASR,IT ASR,Absolute emissions reduction,1998,2020,20,percent,https://www.covenantofmayors.eu/about/covenant-community/signatories/action-plan.html?scity_id=13123,GCoMEC:v2
GCoMEC:EUCoM_pledge:IT ATR,IT ATR,Absolute emissions reduction,2005,2020,30,percent,https://www.covenantofmayors.eu/about/covenant-community/signatories/action-plan.html?scity_id=11956,GCoMEC:v2
GCoMEC:EUCoM_pledge:IT AV7,IT AV7,Absolute emissions reduction,2002,2020,21,percent,https://www.covenantofmayors.eu/about/covenant-community/signatories/action-plan.html?scity_id=16843,GCoMEC:v2
GCoMEC:EUCoM_pledge:IT AVI,IT AVI,Absolute emissions reduction,2006,2020,25,percent,https://www.covenantofmayors.eu/about/covenant-community/signatories/action-plan.html?scity_id=17084,GCoMEC:v2
GCoMEC:EUCoM_pledge:IT AZG,IT AZG,Absolute emissions reduction,2005,2020,20,percent,https://www.covenantofmayors.eu/about/covenant-community/signatories/action-plan.html?scity_id=15394,GCoMEC:v2
GCoMEC:EUCoM_pledge:IT AZP,IT AZP,Absolute emissions reduction,2005,2020,20,percent,https://www.covenantofmayors.eu/about/covenant-community/signatories/action-plan.html?scity_id=13304,GCoMEC:v2
GCoMEC:EUCoM_pledge:IT BA4,IT BA4,Absolute emissions reduction,2005,2020,21,percent,https://www.covenantofmayors.eu/about/covenant-community/signatories/action-plan.html?scity_id=14163,GCoMEC:v2
GCoMEC:EUCoM_pledge:IT BAO,IT BAO,Absolute emissions reduction,2005,2020,21,percent,https://www.covenantofmayors.eu/about/covenant-community/signatories/action-plan.html?scity_id=12123,GCoMEC:v2
GCoMEC:EUCoM_pledge:IT BBV,IT BBV,Absolute emissions reduction,2008,2020,41,percent,https://www.covenantofmayors.eu/about/covenant-community/signatories/action-plan.html?scity_id=12031,GCoMEC:v2
GCoMEC:EUCoM_pledge:IT BD5,IT BD5,Absolute emissions reduction,2008,2020,20,percent,https://www.covenantofmayors.eu/about/covenant-community/signatories/action-plan.html?scity_id=17401,GCoMEC:v2
GCoMEC:EUCoM_pledge:IT BDD,IT BDD,Absolute emissions reduction,2005,2020,25,percent,https://www.covenantofmayors.eu/about/covenant-community/signatories/action-plan.html?scity_id=15265,GCoMEC:v2
GCoMEC:EUCoM_pledge:IT BDM,IT BDM,Absolute emissions reduction,2008,2020,30,percent,https://www.covenantofmayors.eu/about/covenant-community/signatories/action-plan.html?scity_id=15194,GCoMEC:v2
GCoMEC:EUCoM_pledge:IT BEB,IT BEB,Absolute emissions reduction,2005,2020,21,percent,https://www.covenantofmayors.eu/about/covenant-community/signatories/action-plan.html?scity_id=14177,GCoMEC:v2
GCoMEC:EUCoM_pledge:IT BEG,IT BEG,Absolute emissions reduction,2005,2020,20,percent,https://www.covenantofmayors.eu/about/covenant-community/signatories/action-plan.html?scity_id=13640,GCoMEC:v2
GCoMEC:EUCoM_pledge:IT BER,IT BER,Absolute emissions reduction,2008,2020,20,percent,https://www.covenantofmayors.eu/about/covenant-community/signatories/action-plan.html?scity_id=16994,GCoMEC:v2
GCoMEC:EUCoM_pledge:IT BGO,IT BGO,Absolute emissions reduction,2005,2020,30,percent,https://www.covenantofmayors.eu/about/covenant-community/signatories/action-plan.html?scity_id=12587,GCoMEC:v2
GCoMEC:EUCoM_pledge:IT BGV,IT BGV,Absolute emissions reduction,2008,2020,30,percent,https://www.covenantofmayors.eu/about/covenant-community/signatories/action-plan.html?scity_id=15217,GCoMEC:v2
GCoMEC:EUCoM_pledge:IT BGZ,IT BGZ,Absolute emissions reduction,2012,2020,28,percent,https://www.covenantofmayors.eu/about/covenant-community/signatories/action-plan.html?scity_id=18751,GCoMEC:v2
GCoMEC:EUCoM_pledge:IT BIC,IT BIC,Absolute emissions reduction,2000,2020,23,percent,https://www.covenantofmayors.eu/about/covenant-community/signatories/action-plan.html?scity_id=13429,GCoMEC:v2
GCoMEC:EUCoM_pledge:IT BIL,IT BIL,Absolute emissions reduction,2005,2020,21,percent,https://www.covenantofmayors.eu/about/covenant-community/signatories/action-plan.html?scity_id=13454,GCoMEC:v2
GCoMEC:EUCoM_pledge:IT BIM,IT BIM,Absolute emissions reduction,2010,2020,22,percent,https://www.covenantofmayors.eu/about/covenant-community/signatories/action-plan.html?scity_id=17578,GCoMEC:v2
GCoMEC:EUCoM_pledge:IT BL7,IT BL7,Absolute emissions reduction,2000,2020,35,percent,https://www.covenantofmayors.eu/about/covenant-community/signatories/action-plan.html?scity_id=18110,GCoMEC:v2
GCoMEC:EUCoM_pledge:IT BLO,IT BLO,Absolute emissions reduction,2005,2020,26,percent,https://www.covenantofmayors.eu/about/covenant-community/signatories/action-plan.html?scity_id=14240,GCoMEC:v2
GCoMEC:EUCoM_pledge:IT BLQ,IT BLQ,Absolute emissions reduction,2005,2020,20,percent,https://www.covenantofmayors.eu/about/covenant-community/signatories/action-plan.html?scity_id=11963,GCoMEC:v2
GCoMEC:EUCoM_pledge:IT BLR,IT BLR,Absolute emissions reduction,2005,2020,21,percent,https://www.covenantofmayors.eu/about/covenant-community/signatories/action-plan.html?scity_id=13939,GCoMEC:v2
GCoMEC:EUCoM_pledge:IT BMI,IT BMI,Absolute emissions reduction,2005,2020,21,percent,https://www.covenantofmayors.eu/about/covenant-community/signatories/action-plan.html?scity_id=16504,GCoMEC:v2
GCoMEC:EUCoM_pledge:IT BMS,IT BMS,Absolute emissions reduction,2005,2020,21,percent,https://www.covenantofmayors.eu/about/covenant-community/signatories/action-plan.html?scity_id=12826,GCoMEC:v2
GCoMEC:EUCoM_pledge:IT BNB,IT BNB,Absolute emissions reduction,2005,2020,25,percent,https://www.covenantofmayors.eu/about/covenant-community/signatories/action-plan.html?scity_id=15572,GCoMEC:v2
GCoMEC:EUCoM_pledge:IT BOE,IT BOE,Absolute emissions reduction,2006,2020,20,percent,https://www.covenantofmayors.eu/about/covenant-community/signatories/action-plan.html?scity_id=13815,GCoMEC:v2
GCoMEC:EUCoM_pledge:IT BON,IT BON,Absolute emissions reduction,2007,2020,40,percent,https://www.covenantofmayors.eu/about/covenant-community/signatories/action-plan.html?scity_id=17041,GCoMEC:v2
GCoMEC:EUCoM_pledge:IT BOT,IT BOT,Absolute emissions reduction,2005,2020,20,percent,https://www.covenantofmayors.eu/about/covenant-community/signatories/action-plan.html?scity_id=13207,GCoMEC:v2
GCoMEC:EUCoM_pledge:IT BPT,IT BPT,Absolute emissions reduction,2005,2020,20,percent,https://www.covenantofmayors.eu/about/covenant-community/signatories/action-plan.html?scity_id=13556,GCoMEC:v2
GCoMEC:EUCoM_pledge:IT BRA,IT BRA,Absolute emissions reduction,2005,2020,26,percent,https://www.covenantofmayors.eu/about/covenant-community/signatories/action-plan.html?scity_id=15907,GCoMEC:v2
GCoMEC:EUCoM_pledge:IT BRR,IT BRR,Absolute emissions reduction,2010,2020,27,percent,https://www.covenantofmayors.eu/about/covenant-community/signatories/action-plan.html?scity_id=11960,GCoMEC:v2
GCoMEC:EUCoM_pledge:IT BST,IT BST,Absolute emissions reduction,2005,2020,22,percent,,GCoMEC:v2
GCoMEC:EUCoM_pledge:IT BSZ,IT BSZ,Absolute emissions reduction,2005,2020,25,percent,https://www.covenantofmayors.eu/about/covenant-community/signatories/action-plan.html?scity_id=16457,GCoMEC:v2
GCoMEC:EUCoM_pledge:IT BTI,IT BTI,Absolute emissions reduction,2011,2020,23,percent,https://www.covenantofmayors.eu/about/covenant-community/signatories/action-plan.html?scity_id=16598,GCoMEC:v2
GCoMEC:EUCoM_pledge:IT BTT,IT BTT,Absolute emissions reduction,2011,2020,43,percent,https://www.covenantofmayors.eu/about/covenant-community/signatories/action-plan.html?scity_id=19487,GCoMEC:v2
GCoMEC:EUCoM_pledge:IT BUD,IT BUD,Absolute emissions reduction,2008,2020,20,percent,https://www.covenantofmayors.eu/about/covenant-community/signatories/action-plan.html?scity_id=17401,GCoMEC:v2
GCoMEC:EUCoM_pledge:IT BUE,IT BUE,Absolute emissions reduction,2006,2020,33,percent,https://www.covenantofmayors.eu/about/covenant-community/signatories/action-plan.html?scity_id=13431,GCoMEC:v2
GCoMEC:EUCoM_pledge:IT BUG,IT BUG,Absolute emissions reduction,2005,2020,28,percent,,GCoMEC:v2
GCoMEC:EUCoM_pledge:IT BUN,IT BUN,Absolute emissions reduction,2000,2020,29,percent,https://www.covenantofmayors.eu/about/covenant-community/signatories/action-plan.html?scity_id=13430,GCoMEC:v2
GCoMEC:EUCoM_pledge:IT BVN,IT BVN,Absolute emissions reduction,2007,2020,20,percent,https://www.covenantofmayors.eu/about/covenant-community/signatories/action-plan.html?scity_id=13736,GCoMEC:v2
GCoMEC:EUCoM_pledge:IT BZO,IT BZO,Absolute emissions reduction,2010,2020,24,percent,https://www.covenantofmayors.eu/about/covenant-community/signatories/action-plan.html?scity_id=11823,GCoMEC:v2
GCoMEC:EUCoM_pledge:IT CAE,IT CAE,Absolute emissions reduction,2010,2020,23,percent,https://www.covenantofmayors.eu/about/covenant-community/signatories/action-plan.html?scity_id=11968,GCoMEC:v2
GCoMEC:EUCoM_pledge:IT CAR,IT CAR,Absolute emissions reduction,2005,2020,20,percent,https://www.covenantofmayors.eu/about/covenant-community/signatories/action-plan.html?scity_id=14882,GCoMEC:v2
GCoMEC:EUCoM_pledge:IT CBE,IT CBE,Absolute emissions reduction,2009,2020,22,percent,https://www.covenantofmayors.eu/about/covenant-community/signatories/action-plan.html?scity_id=11976,GCoMEC:v2
GCoMEC:EUCoM_pledge:IT CC5,IT CC5,Absolute emissions reduction,2005,2020,40,percent,https://www.covenantofmayors.eu/about/covenant-community/signatories/action-plan.html?scity_id=15632,GCoMEC:v2
GCoMEC:EUCoM_pledge:IT CCD,IT CCD,Absolute emissions reduction,2005,2020,20,percent,https://www.covenantofmayors.eu/about/covenant-community/signatories/action-plan.html?scity_id=15469,GCoMEC:v2
GCoMEC:EUCoM_pledge:IT CCH,IT CCH,Absolute emissions reduction,2008,2020,22,percent,https://www.covenantofmayors.eu/about/covenant-community/signatories/action-plan.html?scity_id=14841,GCoMEC:v2
GCoMEC:EUCoM_pledge:IT CCU,IT CCU,Absolute emissions reduction,2005,2020,20,percent,https://www.covenantofmayors.eu/about/covenant-community/signatories/action-plan.html?scity_id=12929,GCoMEC:v2
GCoMEC:EUCoM_pledge:IT CDC,IT CDC,Absolute emissions reduction,2008,2020,20,percent,https://www.covenantofmayors.eu/about/covenant-community/signatories/action-plan.html?scity_id=12836,GCoMEC:v2
GCoMEC:EUCoM_pledge:IT CDD,IT CDD,Absolute emissions reduction,2011,2020,31,percent,https://www.covenantofmayors.eu/about/covenant-community/signatories/action-plan.html?scity_id=15335,GCoMEC:v2
GCoMEC:EUCoM_pledge:IT CDR,IT CDR,Absolute emissions reduction,2005,2020,21,percent,https://www.covenantofmayors.eu/about/covenant-community/signatories/action-plan.html?scity_id=16628,GCoMEC:v2
GCoMEC:EUCoM_pledge:IT CDT,IT CDT,Absolute emissions reduction,2005,2020,20,percent,https://www.covenantofmayors.eu/about/covenant-community/signatories/action-plan.html?scity_id=16973,GCoMEC:v2
GCoMEC:EUCoM_pledge:IT CEE,IT CEE,Absolute emissions reduction,2005,2020,20,percent,https://www.covenantofmayors.eu/about/covenant-community/signatories/action-plan.html?scity_id=17193,GCoMEC:v2
GCoMEC:EUCoM_pledge:IT CES,IT CES,Absolute emissions reduction,2011,2030,40,percent,,GCoMEC:v2
GCoMEC:EUCoM_pledge:IT CEY,IT CEY,Absolute emissions reduction,2005,2020,23,percent,https://www.covenantofmayors.eu/about/covenant-community/signatories/action-plan.html?scity_id=13825,GCoMEC:v2
GCoMEC:EUCoM_pledge:IT CFV,IT CFV,Absolute emissions reduction,2007,2020,20,percent,https://www.covenantofmayors.eu/about/covenant-community/signatories/action-plan.html?scity_id=17112,GCoMEC:v2
GCoMEC:EUCoM_pledge:IT CGN,IT CGN,Absolute emissions reduction,2005,2020,20,percent,https://www.covenantofmayors.eu/about/covenant-community/signatories/action-plan.html?scity_id=17339,GCoMEC:v2
GCoMEC:EUCoM_pledge:IT CGS,IT CGS,Absolute emissions reduction,2005,2020,23,percent,https://www.covenantofmayors.eu/about/covenant-community/signatories/action-plan.html?scity_id=12938,GCoMEC:v2
GCoMEC:EUCoM_pledge:IT CHD,IT CHD,Absolute emissions reduction,2005,2020,20,percent,https://www.covenantofmayors.eu/about/covenant-community/signatories/action-plan.html?scity_id=16221,GCoMEC:v2
GCoMEC:EUCoM_pledge:IT CHV,IT CHV,Absolute emissions reduction,2005,2020,21,percent,https://www.covenantofmayors.eu/about/covenant-community/signatories/action-plan.html?scity_id=13731,GCoMEC:v2
GCoMEC:EUCoM_pledge:IT CIB,IT CIB,Absolute emissions reduction,2005,2020,20,percent,https://www.covenantofmayors.eu/about/covenant-community/signatories/action-plan.html?scity_id=11974,GCoMEC:v2
GCoMEC:EUCoM_pledge:IT CIE,IT CIE,Absolute emissions reduction,2000,2020,35,percent,https://www.covenantofmayors.eu/about/covenant-community/signatories/action-plan.html?scity_id=17940,GCoMEC:v2
GCoMEC:EUCoM_pledge:IT CIG,IT CIG,Absolute emissions reduction,2005,2020,20,percent,https://www.covenantofmayors.eu/about/covenant-community/signatories/action-plan.html?scity_id=17163,GCoMEC:v2
GCoMEC:EUCoM_pledge:IT CIN,IT CIN,Absolute emissions reduction,2000,2020,31,percent,https://www.covenantofmayors.eu/about/covenant-community/signatories/action-plan.html?scity_id=18060,GCoMEC:v2
GCoMEC:EUCoM_pledge:IT CIT,IT CIT,Absolute emissions reduction,2010,2020,21,percent,https://www.covenantofmayors.eu/about/covenant-community/signatories/action-plan.html?scity_id=15281,GCoMEC:v2
GCoMEC:EUCoM_pledge:IT CLC,IT CLC,Absolute emissions reduction,2005,2020,20,percent,https://www.covenantofmayors.eu/about/covenant-community/signatories/action-plan.html?scity_id=13270,GCoMEC:v2
GCoMEC:EUCoM_pledge:IT CLD,IT CLD,Absolute emissions reduction,2005,2020,21,percent,https://www.covenantofmayors.eu/about/covenant-community/signatories/action-plan.html?scity_id=13639,GCoMEC:v2
GCoMEC:EUCoM_pledge:IT CLE,IT CLE,Absolute emissions reduction,2005,2020,25,percent,https://www.covenantofmayors.eu/about/covenant-community/signatories/action-plan.html?scity_id=17373,GCoMEC:v2
GCoMEC:EUCoM_pledge:IT CLG,IT CLG,Absolute emissions reduction,2011,2020,21,percent,https://www.covenantofmayors.eu/about/covenant-community/signatories/action-plan.html?scity_id=17397,GCoMEC:v2
GCoMEC:EUCoM_pledge:IT CLK,IT CLK,Absolute emissions reduction,2005,2020,20,percent,https://www.covenantofmayors.eu/about/covenant-community/signatories/action-plan.html?scity_id=13727,GCoMEC:v2
GCoMEC:EUCoM_pledge:IT CLL,IT CLL,Absolute emissions reduction,2005,2020,23,percent,https://www.covenantofmayors.eu/about/covenant-community/signatories/action-plan.html?scity_id=15191,GCoMEC:v2
GCoMEC:EUCoM_pledge:IT CLU,IT CLU,Absolute emissions reduction,2005,2020,21,percent,https://www.covenantofmayors.eu/about/covenant-community/signatories/action-plan.html?scity_id=17616,GCoMEC:v2
GCoMEC:EUCoM_pledge:IT CLY,IT CLY,Absolute emissions reduction,2005,2020,20,percent,https://www.covenantofmayors.eu/about/covenant-community/signatories/action-plan.html?scity_id=13417,GCoMEC:v2
GCoMEC:EUCoM_pledge:IT CLZ,IT CLZ,Absolute emissions reduction,2005,2020,20,percent,https://www.covenantofmayors.eu/about/covenant-community/signatories/action-plan.html?scity_id=15090,GCoMEC:v2
GCoMEC:EUCoM_pledge:IT CME,IT CME,Absolute emissions reduction,2005,2020,20,percent,https://www.covenantofmayors.eu/about/covenant-community/signatories/action-plan.html?scity_id=16461,GCoMEC:v2
GCoMEC:EUCoM_pledge:IT CMR,IT CMR,Absolute emissions reduction,2005,2020,20,percent,https://www.covenantofmayors.eu/about/covenant-community/signatories/action-plan.html?scity_id=13813,GCoMEC:v2
GCoMEC:EUCoM_pledge:IT CMT,IT CMT,Absolute emissions reduction,2005,2030,20,percent,https://www.covenantofmayors.eu/about/covenant-community/signatories/action-plan.html?scity_id=20284,GCoMEC:v2
GCoMEC:EUCoM_pledge:IT CMZ,IT CMZ,Absolute emissions reduction,2005,2020,20,percent,https://www.covenantofmayors.eu/about/covenant-community/signatories/action-plan.html?scity_id=14263,GCoMEC:v2
GCoMEC:EUCoM_pledge:IT CNL,IT CNL,Absolute emissions reduction,2005,2020,20,percent,https://www.covenantofmayors.eu/about/covenant-community/signatories/action-plan.html?scity_id=13054,GCoMEC:v2
GCoMEC:EUCoM_pledge:IT CNM,IT CNM,Absolute emissions reduction,2006,2020,45,percent,https://www.covenantofmayors.eu/about/covenant-community/signatories/action-plan.html?scity_id=17338,GCoMEC:v2
GCoMEC:EUCoM_pledge:IT CNT,IT CNT,Absolute emissions reduction,2010,2020,20,percent,,GCoMEC:v2
GCoMEC:EUCoM_pledge:IT CNV,IT CNV,Absolute emissions reduction,2005,2020,30,percent,https://www.covenantofmayors.eu/about/covenant-community/signatories/action-plan.html?scity_id=16674,GCoMEC:v2
GCoMEC:EUCoM_pledge:IT CNZ,IT CNZ,Absolute emissions reduction,2007,2020,23,percent,https://www.covenantofmayors.eu/about/covenant-community/signatories/action-plan.html?scity_id=17042,GCoMEC:v2
GCoMEC:EUCoM_pledge:IT COI,IT COI,Absolute emissions reduction,2004,2020,26,percent,https://www.covenantofmayors.eu/about/covenant-community/signatories/action-plan.html?scity_id=17558,GCoMEC:v2
GCoMEC:EUCoM_pledge:IT COK,IT COK,Absolute emissions reduction,2005,2020,30,percent,https://www.covenantofmayors.eu/about/covenant-community/signatories/action-plan.html?scity_id=15372,GCoMEC:v2
GCoMEC:EUCoM_pledge:IT COL,IT COL,Absolute emissions reduction,2005,2020,26,percent,https://www.covenantofmayors.eu/about/covenant-community/signatories/action-plan.html?scity_id=15622,GCoMEC:v2
GCoMEC:EUCoM_pledge:IT CON,IT CON,Absolute emissions reduction,2000,2020,34,percent,https://www.covenantofmayors.eu/about/covenant-community/signatories/action-plan.html?scity_id=14265,GCoMEC:v2
GCoMEC:EUCoM_pledge:IT COX,IT COX,Absolute emissions reduction,2005,2020,20,percent,https://www.covenantofmayors.eu/about/covenant-community/signatories/action-plan.html?scity_id=17615,GCoMEC:v2
GCoMEC:EUCoM_pledge:IT CPP,IT CPP,Absolute emissions reduction,2003,2020,37,percent,https://www.covenantofmayors.eu/about/covenant-community/signatories/action-plan.html?scity_id=13927,GCoMEC:v2
GCoMEC:EUCoM_pledge:IT CRE,IT CRE,Absolute emissions reduction,2005,2020,24,percent,https://www.covenantofmayors.eu/about/covenant-community/signatories/action-plan.html?scity_id=12199,GCoMEC:v2
GCoMEC:EUCoM_pledge:IT CRH,IT CRH,Absolute emissions reduction,2005,2020,20,percent,https://www.covenantofmayors.eu/about/covenant-community/signatories/action-plan.html?scity_id=17351,GCoMEC:v2
GCoMEC:EUCoM_pledge:IT CRL,IT CRL,Absolute emissions reduction,2005,2020,22,percent,https://www.covenantofmayors.eu/about/covenant-community/signatories/action-plan.html?scity_id=16769,GCoMEC:v2
GCoMEC:EUCoM_pledge:IT CRM,IT CRM,Absolute emissions reduction,2000,2020,27,percent,https://www.covenantofmayors.eu/about/covenant-community/signatories/action-plan.html?scity_id=15688,GCoMEC:v2
GCoMEC:EUCoM_pledge:IT CS9,IT CS9,Absolute emissions reduction,2008,2020,20,percent,https://www.covenantofmayors.eu/about/covenant-community/signatories/action-plan.html?scity_id=14264,GCoMEC:v2
GCoMEC:EUCoM_pledge:IT CSH,IT CSH,Absolute emissions reduction,2005,2020,20,percent,https://www.covenantofmayors.eu/about/covenant-community/signatories/action-plan.html?scity_id=18290,GCoMEC:v2
GCoMEC:EUCoM_pledge:IT CSR,IT CSR,Absolute emissions reduction,2009,2030,45,percent,,GCoMEC:v2
GCoMEC:EUCoM_pledge:IT CSW,IT CSW,Absolute emissions reduction,2005,2020,25,percent,https://www.covenantofmayors.eu/about/covenant-community/signatories/action-plan.html?scity_id=15596,GCoMEC:v2
GCoMEC:EUCoM_pledge:IT CSZ,IT CSZ,Absolute emissions reduction,2005,2020,20,percent,https://www.covenantofmayors.eu/about/covenant-community/signatories/action-plan.html?scity_id=16823,GCoMEC:v2
GCoMEC:EUCoM_pledge:IT CTC,IT CTC,Absolute emissions reduction,2007,2020,38,percent,https://www.covenantofmayors.eu/about/covenant-community/signatories/action-plan.html?scity_id=12975,GCoMEC:v2
GCoMEC:EUCoM_pledge:IT CTO,IT CTO,Absolute emissions reduction,2011,2020,21,percent,https://www.covenantofmayors.eu/about/covenant-community/signatories/action-plan.html?scity_id=17486,GCoMEC:v2
GCoMEC:EUCoM_pledge:IT CTQ,IT CTQ,Absolute emissions reduction,2010,2020,30,percent,https://www.covenantofmayors.eu/about/covenant-community/signatories/action-plan.html?scity_id=16741,GCoMEC:v2
GCoMEC:EUCoM_pledge:IT CUE,IT CUE,Absolute emissions reduction,2005,2020,20,percent,https://www.covenantofmayors.eu/about/covenant-community/signatories/action-plan.html?scity_id=13645,GCoMEC:v2
GCoMEC:EUCoM_pledge:IT CUN,IT CUN,Absolute emissions reduction,2006,2020,20,percent,https://www.covenantofmayors.eu/about/covenant-community/signatories/action-plan.html?scity_id=19219,GCoMEC:v2
GCoMEC:EUCoM_pledge:IT CUR,IT CUR,Absolute emissions reduction,2005,2020,20,percent,https://www.covenantofmayors.eu/about/covenant-community/signatories/action-plan.html?scity_id=14085,GCoMEC:v2
GCoMEC:EUCoM_pledge:IT CV9,IT CV9,Absolute emissions reduction,2005,2020,20,percent,https://www.covenantofmayors.eu/about/covenant-community/signatories/action-plan.html?scity_id=13821,GCoMEC:v2
GCoMEC:EUCoM_pledge:IT CVG,IT CVG,Absolute emissions reduction,2005,2020,21,percent,https://www.covenantofmayors.eu/about/covenant-community/signatories/action-plan.html?scity_id=13228,GCoMEC:v2
GCoMEC:EUCoM_pledge:IT CVO,IT CVO,Absolute emissions reduction,2005,2020,20,percent,https://www.covenantofmayors.eu/about/covenant-community/signatories/action-plan.html?scity_id=13024,GCoMEC:v2
GCoMEC:EUCoM_pledge:IT CVU,IT CVU,Absolute emissions reduction,2005,2020,20,percent,https://www.covenantofmayors.eu/about/covenant-community/signatories/action-plan.html?scity_id=17366,GCoMEC:v2
GCoMEC:EUCoM_pledge:IT CVZ,IT CVZ,Absolute emissions reduction,2005,2020,20,percent,https://www.covenantofmayors.eu/about/covenant-community/signatories/action-plan.html?scity_id=18384,GCoMEC:v2
GCoMEC:EUCoM_pledge:IT CXN,IT CXN,Absolute emissions reduction,2008,2020,23,percent,https://www.covenantofmayors.eu/about/covenant-community/signatories/action-plan.html?scity_id=15197,GCoMEC:v2
GCoMEC:EUCoM_pledge:IT CZA,IT CZA,Absolute emissions reduction,2007,2020,22,percent,https://www.covenantofmayors.eu/about/covenant-community/signatories/action-plan.html?scity_id=12912,GCoMEC:v2
GCoMEC:EUCoM_pledge:IT CZT,IT CZT,Absolute emissions reduction,2005,2020,22,percent,https://www.covenantofmayors.eu/about/covenant-community/signatories/action-plan.html?scity_id=15264,GCoMEC:v2
GCoMEC:EUCoM_pledge:IT DAI,IT DAI,Absolute emissions reduction,2005,2020,30,percent,https://www.covenantofmayors.eu/about/covenant-community/signatories/action-plan.html?scity_id=11979,GCoMEC:v2
GCoMEC:EUCoM_pledge:IT DAX,IT DAX,Absolute emissions reduction,2005,2020,20,percent,https://www.covenantofmayors.eu/about/covenant-community/signatories/action-plan.html?scity_id=16862,GCoMEC:v2
GCoMEC:EUCoM_pledge:IT DEV,IT DEV,Absolute emissions reduction,2005,2020,22,percent,https://www.covenantofmayors.eu/about/covenant-community/signatories/action-plan.html?scity_id=15627,GCoMEC:v2
GCoMEC:EUCoM_pledge:IT DGD,IT DGD,Absolute emissions reduction,2005,2020,22,percent,https://www.covenantofmayors.eu/about/covenant-community/signatories/action-plan.html?scity_id=15420,GCoMEC:v2
GCoMEC:EUCoM_pledge:IT DME,IT DME,Absolute emissions reduction,2005,2020,22,percent,https://www.covenantofmayors.eu/about/covenant-community/signatories/action-plan.html?scity_id=13194,GCoMEC:v2
GCoMEC:EUCoM_pledge:IT DOL,IT DOL,Absolute emissions reduction,2005,2020,21,percent,https://www.covenantofmayors.eu/about/covenant-community/signatories/action-plan.html?scity_id=14975,GCoMEC:v2
GCoMEC:EUCoM_pledge:IT DUV,IT DUV,Absolute emissions reduction,2005,2020,20,percent,https://www.covenantofmayors.eu/about/covenant-community/signatories/action-plan.html?scity_id=18429,GCoMEC:v2
GCoMEC:EUCoM_pledge:IT EAT,IT EAT,Absolute emissions reduction,2009,2020,24,percent,https://www.covenantofmayors.eu/about/covenant-community/signatories/action-plan.html?scity_id=14403,GCoMEC:v2
GCoMEC:EUCoM_pledge:IT EBO,IT EBO,Absolute emissions reduction,2010,2020,41,percent,https://www.covenantofmayors.eu/about/covenant-community/signatories/action-plan.html?scity_id=11973,GCoMEC:v2
GCoMEC:EUCoM_pledge:IT EGG,IT EGG,Absolute emissions reduction,2005,2020,21,percent,https://www.covenantofmayors.eu/about/covenant-community/signatories/action-plan.html?scity_id=14922,GCoMEC:v2
GCoMEC:EUCoM_pledge:IT EGL,IT EGL,Absolute emissions reduction,2007,2020,22,percent,https://www.covenantofmayors.eu/about/covenant-community/signatories/action-plan.html?scity_id=13328,GCoMEC:v2
GCoMEC:EUCoM_pledge:IT ELI,IT ELI,Absolute emissions reduction,2011,2020,26,percent,https://www.covenantofmayors.eu/about/covenant-community/signatories/action-plan.html?scity_id=18406,GCoMEC:v2
GCoMEC:EUCoM_pledge:IT ELM,IT ELM,Absolute emissions reduction,2008,2020,23,percent,https://www.covenantofmayors.eu/about/covenant-community/signatories/action-plan.html?scity_id=16130,GCoMEC:v2
GCoMEC:EUCoM_pledge:IT END,IT END,Absolute emissions reduction,2007,2020,23,percent,https://www.covenantofmayors.eu/about/covenant-community/signatories/action-plan.html?scity_id=12917,GCoMEC:v2
GCoMEC:EUCoM_pledge:IT ERA,IT ERA,Absolute emissions reduction,2006,2020,20,percent,https://www.covenantofmayors.eu/about/covenant-community/signatories/action-plan.html?scity_id=13345,GCoMEC:v2
GCoMEC:EUCoM_pledge:IT ERM,IT ERM,Absolute emissions reduction,2005,2020,20,percent,https://www.covenantofmayors.eu/about/covenant-community/signatories/action-plan.html?scity_id=16656,GCoMEC:v2
GCoMEC:EUCoM_pledge:IT ERO,IT ERO,Absolute emissions reduction,2005,2020,25,percent,https://www.covenantofmayors.eu/about/covenant-community/signatories/action-plan.html?scity_id=11992,GCoMEC:v2
GCoMEC:EUCoM_pledge:IT ERT,IT ERT,Absolute emissions reduction,2005,2020,21,percent,https://www.covenantofmayors.eu/about/covenant-community/signatories/action-plan.html?scity_id=15067,GCoMEC:v2
GCoMEC:EUCoM_pledge:IT ESP,IT ESP,Absolute emissions reduction,2005,2020,22,percent,https://www.covenantofmayors.eu/about/covenant-community/signatories/action-plan.html?scity_id=13646,GCoMEC:v2
GCoMEC:EUCoM_pledge:IT EST,IT EST,Absolute emissions reduction,2007,2020,20,percent,https://www.covenantofmayors.eu/about/covenant-community/signatories/action-plan.html?scity_id=14901,GCoMEC:v2
GCoMEC:EUCoM_pledge:IT ETR,IT ETR,Absolute emissions reduction,2007,2020,21,percent,https://www.covenantofmayors.eu/about/covenant-community/signatories/action-plan.html?scity_id=12887,GCoMEC:v2
GCoMEC:EUCoM_pledge:IT FAG,IT FAG,Absolute emissions reduction,2005,2020,20,percent,https://www.covenantofmayors.eu/about/covenant-community/signatories/action-plan.html?scity_id=16992,GCoMEC:v2
GCoMEC:EUCoM_pledge:IT FDV,IT FDV,Absolute emissions reduction,2005,2020,20,percent,https://www.covenantofmayors.eu/about/covenant-community/signatories/action-plan.html?scity_id=15052,GCoMEC:v2
GCoMEC:EUCoM_pledge:IT FDZ,IT FDZ,Absolute emissions reduction,2005,2020,21,percent,https://www.covenantofmayors.eu/about/covenant-community/signatories/action-plan.html?scity_id=17710,GCoMEC:v2
GCoMEC:EUCoM_pledge:IT FEN,IT FEN,Absolute emissions reduction,2005,2020,21,percent,https://www.covenantofmayors.eu/about/covenant-community/signatories/action-plan.html?scity_id=15527,GCoMEC:v2
GCoMEC:EUCoM_pledge:IT FER,IT FER,Absolute emissions reduction,2005,2020,23,percent,https://www.covenantofmayors.eu/about/covenant-community/signatories/action-plan.html?scity_id=15188,GCoMEC:v2
GCoMEC:EUCoM_pledge:IT FGD,IT FGD,Absolute emissions reduction,2005,2020,20,percent,https://www.covenantofmayors.eu/about/covenant-community/signatories/action-plan.html?scity_id=13669,GCoMEC:v2
GCoMEC:EUCoM_pledge:IT FIL,IT FIL,Absolute emissions reduction,2005,2020,21,percent,https://www.covenantofmayors.eu/about/covenant-community/signatories/action-plan.html?scity_id=14915,GCoMEC:v2
GCoMEC:EUCoM_pledge:IT FMG,IT FMG,Absolute emissions reduction,1999,2020,20,percent,https://www.covenantofmayors.eu/about/covenant-community/signatories/action-plan.html?scity_id=12547,GCoMEC:v2
GCoMEC:EUCoM_pledge:IT FOD,IT FOD,Absolute emissions reduction,2005,2020,20,percent,https://www.covenantofmayors.eu/about/covenant-community/signatories/action-plan.html?scity_id=16243,GCoMEC:v2
GCoMEC:EUCoM_pledge:IT FRA,IT FRA,Absolute emissions reduction,2008,2020,34,percent,https://www.covenantofmayors.eu/about/covenant-community/signatories/action-plan.html?scity_id=14392,GCoMEC:v2
GCoMEC:EUCoM_pledge:IT FSC,IT FSC,Absolute emissions reduction,2005,2020,25,percent,https://www.covenantofmayors.eu/about/covenant-community/signatories/action-plan.html?scity_id=17372,GCoMEC:v2
GCoMEC:EUCoM_pledge:IT FSS,IT FSS,Absolute emissions reduction,2005,2020,21,percent,https://www.covenantofmayors.eu/about/covenant-community/signatories/action-plan.html?scity_id=16322,GCoMEC:v2
GCoMEC:EUCoM_pledge:IT FTA,IT FTA,Absolute emissions reduction,2011,2020,20,percent,https://www.covenantofmayors.eu/about/covenant-community/signatories/action-plan.html?scity_id=18292,GCoMEC:v2
GCoMEC:EUCoM_pledge:IT FUS,IT FUS,Absolute emissions reduction,2008,2020,27,percent,https://www.covenantofmayors.eu/about/covenant-community/signatories/action-plan.html?scity_id=28331,GCoMEC:v2
GCoMEC:EUCoM_pledge:IT FVO,IT FVO,Absolute emissions reduction,2005,2020,23,percent,,GCoMEC:v2
GCoMEC:EUCoM_pledge:IT G2Z,IT G2Z,Absolute emissions reduction,2010,2020,21,percent,https://www.covenantofmayors.eu/about/covenant-community/signatories/action-plan.html?scity_id=18868,GCoMEC:v2
GCoMEC:EUCoM_pledge:IT GAM,IT GAM,Absolute emissions reduction,2005,2020,25,percent,https://www.covenantofmayors.eu/about/covenant-community/signatories/action-plan.html?scity_id=12411,GCoMEC:v2
GCoMEC:EUCoM_pledge:IT GCV,IT GCV,Absolute emissions reduction,2008,2030,53,percent,https://www.covenantofmayors.eu/about/covenant-community/signatories/action-plan.html?scity_id=19780,GCoMEC:v2
GCoMEC:EUCoM_pledge:IT GEC,IT GEC,Absolute emissions reduction,2005,2020,20,percent,https://www.covenantofmayors.eu/about/covenant-community/signatories/action-plan.html?scity_id=16177,GCoMEC:v2
GCoMEC:EUCoM_pledge:IT GGB,IT GGB,Absolute emissions reduction,2005,2020,30,percent,https://www.covenantofmayors.eu/about/covenant-community/signatories/action-plan.html?scity_id=15503,GCoMEC:v2
GCoMEC:EUCoM_pledge:IT GGI,IT GGI,Absolute emissions reduction,2005,2020,27,percent,https://www.covenantofmayors.eu/about/covenant-community/signatories/action-plan.html?scity_id=11980,GCoMEC:v2
GCoMEC:EUCoM_pledge:IT GGZ,IT GGZ,Absolute emissions reduction,2005,2020,20,percent,https://www.covenantofmayors.eu/about/covenant-community/signatories/action-plan.html?scity_id=15428,GCoMEC:v2
GCoMEC:EUCoM_pledge:IT GLB,IT GLB,Absolute emissions reduction,2005,2020,25,percent,https://www.covenantofmayors.eu/about/covenant-community/signatories/action-plan.html?scity_id=15054,GCoMEC:v2
GCoMEC:EUCoM_pledge:IT GME,IT GME,Absolute emissions reduction,2009,2020,27,percent,https://www.covenantofmayors.eu/about/covenant-community/signatories/action-plan.html?scity_id=14353,GCoMEC:v2
GCoMEC:EUCoM_pledge:IT GOE,IT GOE,Absolute emissions reduction,2005,2020,23,percent,https://www.covenantofmayors.eu/about/covenant-community/signatories/action-plan.html?scity_id=14821,GCoMEC:v2
GCoMEC:EUCoM_pledge:IT GOI,IT GOI,Absolute emissions reduction,2005,2020,22,percent,https://www.covenantofmayors.eu/about/covenant-community/signatories/action-plan.html?scity_id=14186,GCoMEC:v2
GCoMEC:EUCoM_pledge:IT GOL,IT GOL,Absolute emissions reduction,2007,2020,29,percent,https://www.covenantofmayors.eu/about/covenant-community/signatories/action-plan.html?scity_id=12971,GCoMEC:v2
GCoMEC:EUCoM_pledge:IT GON,IT GON,Absolute emissions reduction,2008,2020,40,percent,https://www.covenantofmayors.eu/about/covenant-community/signatories/action-plan.html?scity_id=17321,GCoMEC:v2
GCoMEC:EUCoM_pledge:IT GOZ,IT GOZ,Absolute emissions reduction,2005,2020,24,percent,https://www.covenantofmayors.eu/about/covenant-community/signatories/action-plan.html?scity_id=12124,GCoMEC:v2
GCoMEC:EUCoM_pledge:IT GRA,IT GRA,Absolute emissions reduction,2005,2020,20,percent,https://www.covenantofmayors.eu/about/covenant-community/signatories/action-plan.html?scity_id=13170,GCoMEC:v2
GCoMEC:EUCoM_pledge:IT GRB,IT GRB,Absolute emissions reduction,2011,2020,20,percent,https://www.covenantofmayors.eu/about/covenant-community/signatories/action-plan.html?scity_id=15055,GCoMEC:v2
GCoMEC:EUCoM_pledge:IT GRG,IT GRG,Absolute emissions reduction,2000,2020,33,percent,https://www.covenantofmayors.eu/about/covenant-community/signatories/action-plan.html?scity_id=13876,GCoMEC:v2
GCoMEC:EUCoM_pledge:IT GRO,IT GRO,Absolute emissions reduction,2007,2020,20,percent,https://www.covenantofmayors.eu/about/covenant-community/signatories/action-plan.html?scity_id=12990,GCoMEC:v2
GCoMEC:EUCoM_pledge:IT GRS,IT GRS,Absolute emissions reduction,2008,2020,20,percent,https://www.covenantofmayors.eu/about/covenant-community/signatories/action-plan.html?scity_id=17101,GCoMEC:v2
GCoMEC:EUCoM_pledge:IT GST,IT GST,Absolute emissions reduction,2005,2020,30,percent,https://www.covenantofmayors.eu/about/covenant-community/signatories/action-plan.html?scity_id=15065,GCoMEC:v2
GCoMEC:EUCoM_pledge:IT GSU,IT GSU,Absolute emissions reduction,2007,2020,20,percent,https://www.covenantofmayors.eu/about/covenant-community/signatories/action-plan.html?scity_id=18401,GCoMEC:v2
GCoMEC:EUCoM_pledge:IT GTE,IT GTE,Absolute emissions reduction,2005,2020,20,percent,https://www.covenantofmayors.eu/about/covenant-community/signatories/action-plan.html?scity_id=15743,GCoMEC:v2
GCoMEC:EUCoM_pledge:IT GUS,IT GUS,Absolute emissions reduction,2007,2020,20,percent,https://www.covenantofmayors.eu/about/covenant-community/signatories/action-plan.html?scity_id=26723,GCoMEC:v2
GCoMEC:EUCoM_pledge:IT GVR,IT GVR,Absolute emissions reduction,2007,2020,24,percent,https://www.covenantofmayors.eu/about/covenant-community/signatories/action-plan.html?scity_id=12892,GCoMEC:v2
GCoMEC:EUCoM_pledge:IT GVT,IT GVT,Absolute emissions reduction,2009,2020,20,percent,https://www.covenantofmayors.eu/about/covenant-community/signatories/action-plan.html?scity_id=14433,GCoMEC:v2
GCoMEC:EUCoM_pledge:IT GZZ,IT GZZ,Absolute emissions reduction,2005,2020,23,percent,https://www.covenantofmayors.eu/about/covenant-community/signatories/action-plan.html?scity_id=17191,GCoMEC:v2
GCoMEC:EUCoM_pledge:IT HRG,IT HRG,Absolute emissions reduction,2008,2020,24,percent,https://www.covenantofmayors.eu/about/covenant-community/signatories/action-plan.html?scity_id=14405,GCoMEC:v2
GCoMEC:EUCoM_pledge:IT HRV,IT HRV,Absolute emissions reduction,2011,2020,20,percent,https://www.covenantofmayors.eu/about/covenant-community/signatories/action-plan.html?scity_id=15827,GCoMEC:v2
GCoMEC:EUCoM_pledge:IT IAR,IT IAR,Absolute emissions reduction,2008,2030,40,percent,https://www.covenantofmayors.eu/about/covenant-community/signatories/action-plan.html?scity_id=20031,GCoMEC:v2
GCoMEC:EUCoM_pledge:IT ICE,IT ICE,Absolute emissions reduction,2008,2020,27,percent,https://www.covenantofmayors.eu/about/covenant-community/signatories/action-plan.html?scity_id=28320,GCoMEC:v2
GCoMEC:EUCoM_pledge:IT ICV,IT ICV,Absolute emissions reduction,2005,2020,32,percent,https://www.covenantofmayors.eu/about/covenant-community/signatories/action-plan.html?scity_id=14211,GCoMEC:v2
GCoMEC:EUCoM_pledge:IT IDO,IT IDO,Absolute emissions reduction,2007,2020,21,percent,https://www.covenantofmayors.eu/about/covenant-community/signatories/action-plan.html?scity_id=13329,GCoMEC:v2
GCoMEC:EUCoM_pledge:IT IEN,IT IEN,Absolute emissions reduction,2005,2020,20,percent,https://www.covenantofmayors.eu/about/covenant-community/signatories/action-plan.html?scity_id=14005,GCoMEC:v2
GCoMEC:EUCoM_pledge:IT IGL,IT IGL,Absolute emissions reduction,2005,2020,22,percent,https://www.covenantofmayors.eu/about/covenant-community/signatories/action-plan.html?scity_id=16780,GCoMEC:v2
GCoMEC:EUCoM_pledge:IT IOA,IT IOA,Absolute emissions reduction,2005,2020,23,percent,https://www.covenantofmayors.eu/about/covenant-community/signatories/action-plan.html?scity_id=15609,GCoMEC:v2
GCoMEC:EUCoM_pledge:IT IRN,IT IRN,Absolute emissions reduction,2005,2020,21,percent,https://www.covenantofmayors.eu/about/covenant-community/signatories/action-plan.html?scity_id=13416,GCoMEC:v2
GCoMEC:EUCoM_pledge:IT IVR,IT IVR,Absolute emissions reduction,2004,2020,22,percent,https://www.covenantofmayors.eu/about/covenant-community/signatories/action-plan.html?scity_id=13438,GCoMEC:v2
GCoMEC:EUCoM_pledge:IT IZA,IT IZA,Absolute emissions reduction,2005,2020,22,percent,https://www.covenantofmayors.eu/about/covenant-community/signatories/action-plan.html?scity_id=11981,GCoMEC:v2
GCoMEC:EUCoM_pledge:IT JES,IT JES,Absolute emissions reduction,2007,2020,24,percent,https://www.covenantofmayors.eu/about/covenant-community/signatories/action-plan.html?scity_id=13926,GCoMEC:v2
GCoMEC:EUCoM_pledge:IT KDA,IT KDA,Absolute emissions reduction,2012,2020,29,percent,https://www.covenantofmayors.eu/about/covenant-community/signatories/action-plan.html?scity_id=13633,GCoMEC:v2
GCoMEC:EUCoM_pledge:IT LAD,IT LAD,Absolute emissions reduction,2004,2020,20,percent,https://www.covenantofmayors.eu/about/covenant-community/signatories/action-plan.html?scity_id=13353,GCoMEC:v2
GCoMEC:EUCoM_pledge:IT LAO,IT LAO,Absolute emissions reduction,2005,2020,21,percent,https://www.covenantofmayors.eu/about/covenant-community/signatories/action-plan.html?scity_id=18359,GCoMEC:v2
GCoMEC:EUCoM_pledge:IT LBA,IT LBA,Absolute emissions reduction,2001,2020,21,percent,https://www.covenantofmayors.eu/about/covenant-community/signatories/action-plan.html?scity_id=15829,GCoMEC:v2
GCoMEC:EUCoM_pledge:IT LBS,IT LBS,Absolute emissions reduction,2005,2020,20,percent,https://www.covenantofmayors.eu/about/covenant-community/signatories/action-plan.html?scity_id=17149,GCoMEC:v2
GCoMEC:EUCoM_pledge:IT LDI,IT LDI,Absolute emissions reduction,2005,2020,20,percent,https://www.covenantofmayors.eu/about/covenant-community/signatories/action-plan.html?scity_id=11830,GCoMEC:v2
GCoMEC:EUCoM_pledge:IT LEE,IT LEE,Absolute emissions reduction,2005,2020,21,percent,https://www.covenantofmayors.eu/about/covenant-community/signatories/action-plan.html?scity_id=13382,GCoMEC:v2
GCoMEC:EUCoM_pledge:IT LGI,IT LGI,Absolute emissions reduction,2005,2020,25,percent,https://www.covenantofmayors.eu/about/covenant-community/signatories/action-plan.html?scity_id=15616,GCoMEC:v2
GCoMEC:EUCoM_pledge:IT LIC,IT LIC,Absolute emissions reduction,2011,2020,21,percent,https://www.covenantofmayors.eu/about/covenant-community/signatories/action-plan.html?scity_id=15806,GCoMEC:v2
GCoMEC:EUCoM_pledge:IT LIS,IT LIS,Absolute emissions reduction,2005,2020,20,percent,https://www.covenantofmayors.eu/about/covenant-community/signatories/action-plan.html?scity_id=13682,GCoMEC:v2
GCoMEC:EUCoM_pledge:IT LMB,IT LMB,Absolute emissions reduction,2005,2020,27,percent,https://www.covenantofmayors.eu/about/covenant-community/signatories/action-plan.html?scity_id=14659,GCoMEC:v2
GCoMEC:EUCoM_pledge:IT LMG,IT LMG,Absolute emissions reduction,2005,2020,20,percent,https://www.covenantofmayors.eu/about/covenant-community/signatories/action-plan.html?scity_id=15421,GCoMEC:v2
GCoMEC:EUCoM_pledge:IT LNI,IT LNI,Absolute emissions reduction,2005,2020,24,percent,https://www.covenantofmayors.eu/about/covenant-community/signatories/action-plan.html?scity_id=13570,GCoMEC:v2
GCoMEC:EUCoM_pledge:IT LOP,IT LOP,Absolute emissions reduction,2005,2020,25,percent,https://www.covenantofmayors.eu/about/covenant-community/signatories/action-plan.html?scity_id=15353,GCoMEC:v2
GCoMEC:EUCoM_pledge:IT LOR,IT LOR,Absolute emissions reduction,2010,2020,22,percent,https://www.covenantofmayors.eu/about/covenant-community/signatories/action-plan.html?scity_id=15296,GCoMEC:v2
GCoMEC:EUCoM_pledge:IT LSN,IT LSN,Absolute emissions reduction,2014,2030,41,percent,https://www.covenantofmayors.eu/about/covenant-community/signatories/action-plan.html?scity_id=19494,GCoMEC:v2
GCoMEC:EUCoM_pledge:IT LSS,IT LSS,Absolute emissions reduction,2005,2020,20,percent,https://www.covenantofmayors.eu/about/covenant-community/signatories/action-plan.html?scity_id=11982,GCoMEC:v2
GCoMEC:EUCoM_pledge:IT LTE,IT LTE,Absolute emissions reduction,2005,2020,20,percent,https://www.covenantofmayors.eu/about/covenant-community/signatories/action-plan.html?scity_id=13871,GCoMEC:v2
GCoMEC:EUCoM_pledge:IT LTN,IT LTN,Absolute emissions reduction,2008,2020,31,percent,https://www.covenantofmayors.eu/about/covenant-community/signatories/action-plan.html?scity_id=15363,GCoMEC:v2
GCoMEC:EUCoM_pledge:IT LTZ,IT LTZ,Absolute emissions reduction,2005,2020,22,percent,https://www.covenantofmayors.eu/about/covenant-community/signatories/action-plan.html?scity_id=15771,GCoMEC:v2
GCoMEC:EUCoM_pledge:IT LUG,IT LUG,Absolute emissions reduction,2008,2020,30,percent,https://www.covenantofmayors.eu/about/covenant-community/signatories/action-plan.html?scity_id=15200,GCoMEC:v2
GCoMEC:EUCoM_pledge:IT LVC,IT LVC,Absolute emissions reduction,2005,2020,23,percent,https://www.covenantofmayors.eu/about/covenant-community/signatories/action-plan.html?scity_id=14278,GCoMEC:v2
GCoMEC:EUCoM_pledge:IT LVR,IT LVR,Absolute emissions reduction,2007,2020,20,percent,https://www.covenantofmayors.eu/about/covenant-community/signatories/action-plan.html?scity_id=13160,GCoMEC:v2
GCoMEC:EUCoM_pledge:IT LVX,IT LVX,Absolute emissions reduction,2005,2020,30,percent,https://www.covenantofmayors.eu/about/covenant-community/signatories/action-plan.html?scity_id=16339,GCoMEC:v2
GCoMEC:EUCoM_pledge:IT LZN,IT LZN,Absolute emissions reduction,2007,2020,21,percent,https://www.covenantofmayors.eu/about/covenant-community/signatories/action-plan.html?scity_id=13369,GCoMEC:v2
GCoMEC:EUCoM_pledge:IT M2S,IT M2S,Absolute emissions reduction,2005,2020,25,percent,https://www.covenantofmayors.eu/about/covenant-community/signatories/action-plan.html?scity_id=14404,GCoMEC:v2
GCoMEC:EUCoM_pledge:IT MA5,IT MA5,Absolute emissions reduction,2005,2020,25,percent,https://www.covenantofmayors.eu/about/covenant-community/signatories/action-plan.html?scity_id=17367,GCoMEC:v2
GCoMEC:EUCoM_pledge:IT MAM,IT MAM,Absolute emissions reduction,2004,2020,35,percent,https://www.covenantofmayors.eu/about/covenant-community/signatories/action-plan.html?scity_id=13701,GCoMEC:v2
GCoMEC:EUCoM_pledge:IT MAN,IT MAN,Absolute emissions reduction,2005,2020,20,percent,https://www.covenantofmayors.eu/about/covenant-community/signatories/action-plan.html?scity_id=16701,GCoMEC:v2
GCoMEC:EUCoM_pledge:IT MAR,IT MAR,Absolute emissions reduction,1999,2020,21,percent,https://www.covenantofmayors.eu/about/covenant-community/signatories/action-plan.html?scity_id=12662,GCoMEC:v2
GCoMEC:EUCoM_pledge:IT MBD,IT MBD,Absolute emissions reduction,2005,2020,21,percent,https://www.covenantofmayors.eu/about/covenant-community/signatories/action-plan.html?scity_id=17639,GCoMEC:v2
GCoMEC:EUCoM_pledge:IT MBF,IT MBF,Absolute emissions reduction,2007,2020,24,percent,https://www.covenantofmayors.eu/about/covenant-community/signatories/action-plan.html?scity_id=17364,GCoMEC:v2
GCoMEC:EUCoM_pledge:IT MCA,IT MCA,Absolute emissions reduction,2005,2020,23,percent,https://www.covenantofmayors.eu/about/covenant-community/signatories/action-plan.html?scity_id=14223,GCoMEC:v2
GCoMEC:EUCoM_pledge:IT MCE,IT MCE,Absolute emissions reduction,2005,2020,20,percent,https://www.covenantofmayors.eu/about/covenant-community/signatories/action-plan.html?scity_id=13974,GCoMEC:v2
GCoMEC:EUCoM_pledge:IT MCP,IT MCP,Absolute emissions reduction,2005,2020,20,percent,https://www.covenantofmayors.eu/about/covenant-community/signatories/action-plan.html?scity_id=13055,GCoMEC:v2
GCoMEC:EUCoM_pledge:IT MCR,IT MCR,Absolute emissions reduction,2007,2020,31,percent,https://www.covenantofmayors.eu/about/covenant-community/signatories/action-plan.html?scity_id=15211,GCoMEC:v2
GCoMEC:EUCoM_pledge:IT MDI,IT MDI,Absolute emissions reduction,2008,2020,58,percent,https://www.covenantofmayors.eu/about/covenant-community/signatories/action-plan.html?scity_id=26785,GCoMEC:v2
GCoMEC:EUCoM_pledge:IT MDP,IT MDP,Absolute emissions reduction,2005,2020,20,percent,https://www.covenantofmayors.eu/about/covenant-community/signatories/action-plan.html?scity_id=14881,GCoMEC:v2
GCoMEC:EUCoM_pledge:IT ME9,IT ME9,Absolute emissions reduction,2002,2020,27,percent,https://www.covenantofmayors.eu/about/covenant-community/signatories/action-plan.html?scity_id=14504,GCoMEC:v2
GCoMEC:EUCoM_pledge:IT MED,IT MED,Absolute emissions reduction,2005,2020,21,percent,https://www.covenantofmayors.eu/about/covenant-community/signatories/action-plan.html?scity_id=17937,GCoMEC:v2
GCoMEC:EUCoM_pledge:IT MFR,IT MFR,Absolute emissions reduction,2010,2020,37,percent,https://www.covenantofmayors.eu/about/covenant-community/signatories/action-plan.html?scity_id=13522,GCoMEC:v2
GCoMEC:EUCoM_pledge:IT MGN,IT MGN,Absolute emissions reduction,2006,2020,25,percent,https://www.covenantofmayors.eu/about/covenant-community/signatories/action-plan.html?scity_id=18818,GCoMEC:v2
GCoMEC:EUCoM_pledge:IT MII,IT MII,Absolute emissions reduction,2005,2020,21,percent,https://www.covenantofmayors.eu/about/covenant-community/signatories/action-plan.html?scity_id=15291,GCoMEC:v2
GCoMEC:EUCoM_pledge:IT MIN,IT MIN,Absolute emissions reduction,2005,2020,21,percent,https://www.covenantofmayors.eu/about/covenant-community/signatories/action-plan.html?scity_id=14002,GCoMEC:v2
GCoMEC:EUCoM_pledge:IT MIR,IT MIR,Absolute emissions reduction,2005,2020,20,percent,https://www.covenantofmayors.eu/about/covenant-community/signatories/action-plan.html?scity_id=16592,GCoMEC:v2
GCoMEC:EUCoM_pledge:IT MIS,IT MIS,Absolute emissions reduction,2010,2020,20,percent,https://www.covenantofmayors.eu/about/covenant-community/signatories/action-plan.html?scity_id=19081,GCoMEC:v2
GCoMEC:EUCoM_pledge:IT MLG,IT MLG,Absolute emissions reduction,2010,2020,23,percent,https://www.covenantofmayors.eu/about/covenant-community/signatories/action-plan.html?scity_id=14814,GCoMEC:v2
GCoMEC:EUCoM_pledge:IT MLN,IT MLN,Absolute emissions reduction,2005,2020,20,percent,https://www.covenantofmayors.eu/about/covenant-community/signatories/action-plan.html?scity_id=16869,GCoMEC:v2
GCoMEC:EUCoM_pledge:IT MML,IT MML,Absolute emissions reduction,2005,2020,21,percent,https://www.covenantofmayors.eu/about/covenant-community/signatories/action-plan.html?scity_id=15491,GCoMEC:v2
GCoMEC:EUCoM_pledge:IT MOA,IT MOA,Absolute emissions reduction,2008,2020,20,percent,https://www.covenantofmayors.eu/about/covenant-community/signatories/action-plan.html?scity_id=13814,GCoMEC:v2
GCoMEC:EUCoM_pledge:IT MOC,IT MOC,Absolute emissions reduction,2009,2020,21,percent,https://www.covenantofmayors.eu/about/covenant-community/signatories/action-plan.html?scity_id=15050,GCoMEC:v2
GCoMEC:EUCoM_pledge:IT MOD,IT MOD,Absolute emissions reduction,2009,2020,21,percent,https://www.covenantofmayors.eu/about/covenant-community/signatories/action-plan.html?scity_id=11834,GCoMEC:v2
GCoMEC:EUCoM_pledge:IT MOL,IT MOL,Absolute emissions reduction,2010,2020,22,percent,https://www.covenantofmayors.eu/about/covenant-community/signatories/action-plan.html?scity_id=18965,GCoMEC:v2
GCoMEC:EUCoM_pledge:IT MOZ,IT MOZ,Absolute emissions reduction,2005,2020,21,percent,https://www.covenantofmayors.eu/about/covenant-community/signatories/action-plan.html?scity_id=14027,GCoMEC:v2
GCoMEC:EUCoM_pledge:IT MRA,IT MRA,Absolute emissions reduction,2011,2020,21,percent,https://www.covenantofmayors.eu/about/covenant-community/signatories/action-plan.html?scity_id=16254,GCoMEC:v2
GCoMEC:EUCoM_pledge:IT MS6,IT MS6,Absolute emissions reduction,2007,2020,23,percent,https://www.covenantofmayors.eu/about/covenant-community/signatories/action-plan.html?scity_id=16738,GCoMEC:v2
GCoMEC:EUCoM_pledge:IT MSE,IT MSE,Absolute emissions reduction,2005,2020,27,percent,https://www.covenantofmayors.eu/about/covenant-community/signatories/action-plan.html?scity_id=12125,GCoMEC:v2
GCoMEC:EUCoM_pledge:IT MSL,IT MSL,Absolute emissions reduction,2008,2020,21,percent,https://www.covenantofmayors.eu/about/covenant-community/signatories/action-plan.html?scity_id=28329,GCoMEC:v2
GCoMEC:EUCoM_pledge:IT MSN,IT MSN,Absolute emissions reduction,2011,2020,22,percent,https://www.covenantofmayors.eu/about/covenant-community/signatories/action-plan.html?scity_id=14641,GCoMEC:v2
GCoMEC:EUCoM_pledge:IT MSP,IT MSP,Absolute emissions reduction,2009,2020,22,percent,https://www.covenantofmayors.eu/about/covenant-community/signatories/action-plan.html?scity_id=14690,GCoMEC:v2
GCoMEC:EUCoM_pledge:IT MSR,IT MSR,Absolute emissions reduction,2005,2020,28,percent,https://www.covenantofmayors.eu/about/covenant-community/signatories/action-plan.html?scity_id=13041,GCoMEC:v2
GCoMEC:EUCoM_pledge:IT MUZ,IT MUZ,Absolute emissions reduction,2005,2020,24,percent,https://www.covenantofmayors.eu/about/covenant-community/signatories/action-plan.html?scity_id=15553,GCoMEC:v2
GCoMEC:EUCoM_pledge:IT MVA,IT MVA,Absolute emissions reduction,2011,2020,21,percent,https://www.covenantofmayors.eu/about/covenant-community/signatories/action-plan.html?scity_id=18455,GCoMEC:v2
GCoMEC:EUCoM_pledge:IT MVC,IT MVC,Absolute emissions reduction,2011,2020,20,percent,https://www.covenantofmayors.eu/about/covenant-community/signatories/action-plan.html?scity_id=18468,GCoMEC:v2
GCoMEC:EUCoM_pledge:IT MVL,IT MVL,Absolute emissions reduction,2005,2020,25,percent,https://www.covenantofmayors.eu/about/covenant-community/signatories/action-plan.html?scity_id=15617,GCoMEC:v2
GCoMEC:EUCoM_pledge:IT MVS,IT MVS,Absolute emissions reduction,2005,2020,21,percent,https://www.covenantofmayors.eu/about/covenant-community/signatories/action-plan.html?scity_id=12126,GCoMEC:v2
GCoMEC:EUCoM_pledge:IT MZ3,IT MZ3,Absolute emissions reduction,2005,2020,35,percent,https://www.covenantofmayors.eu/about/covenant-community/signatories/action-plan.html?scity_id=15430,GCoMEC:v2
GCoMEC:EUCoM_pledge:IT MZA,IT MZA,Absolute emissions reduction,2005,2020,25,percent,https://www.covenantofmayors.eu/about/covenant-community/signatories/action-plan.html?scity_id=11985,GCoMEC:v2
GCoMEC:EUCoM_pledge:IT MZO,IT MZO,Absolute emissions reduction,2010,2020,21,percent,https://www.covenantofmayors.eu/about/covenant-community/signatories/action-plan.html?scity_id=11984,GCoMEC:v2
GCoMEC:EUCoM_pledge:IT MZP,IT MZP,Absolute emissions reduction,2005,2020,20,percent,https://www.covenantofmayors.eu/about/covenant-community/signatories/action-plan.html?scity_id=14937,GCoMEC:v2
GCoMEC:EUCoM_pledge:IT NEM,IT NEM,Absolute emissions reduction,2005,2020,20,percent,https://www.covenantofmayors.eu/about/covenant-community/signatories/action-plan.html?scity_id=12992,GCoMEC:v2
GCoMEC:EUCoM_pledge:IT NER,IT NER,Absolute emissions reduction,2005,2020,20,percent,https://www.covenantofmayors.eu/about/covenant-community/signatories/action-plan.html?scity_id=11986,GCoMEC:v2
GCoMEC:EUCoM_pledge:IT NEV,IT NEV,Absolute emissions reduction,2007,2020,20,percent,https://www.covenantofmayors.eu/about/covenant-community/signatories/action-plan.html?scity_id=12995,GCoMEC:v2
GCoMEC:EUCoM_pledge:IT NLG,IT NLG,Absolute emissions reduction,2007,2020,21,percent,https://www.covenantofmayors.eu/about/covenant-community/signatories/action-plan.html?scity_id=16324,GCoMEC:v2
GCoMEC:EUCoM_pledge:IT NLO,IT NLO,Absolute emissions reduction,2000,2020,29,percent,https://www.covenantofmayors.eu/about/covenant-community/signatories/action-plan.html?scity_id=13440,GCoMEC:v2
GCoMEC:EUCoM_pledge:IT NML,IT NML,Absolute emissions reduction,2009,2020,20,percent,https://www.covenantofmayors.eu/about/covenant-community/signatories/action-plan.html?scity_id=11988,GCoMEC:v2
GCoMEC:EUCoM_pledge:IT NOA,IT NOA,Absolute emissions reduction,2005,2020,22,percent,https://www.covenantofmayors.eu/about/covenant-community/signatories/action-plan.html?scity_id=15694,GCoMEC:v2
GCoMEC:EUCoM_pledge:IT NOV,IT NOV,Absolute emissions reduction,2007,2020,24,percent,https://www.covenantofmayors.eu/about/covenant-community/signatories/action-plan.html?scity_id=26717,GCoMEC:v2
GCoMEC:EUCoM_pledge:IT NVC,IT NVC,Absolute emissions reduction,2012,2020,20,percent,https://www.covenantofmayors.eu/about/covenant-community/signatories/action-plan.html?scity_id=12024,GCoMEC:v2
GCoMEC:EUCoM_pledge:IT NVP,IT NVP,Absolute emissions reduction,2010,2020,20,percent,https://www.covenantofmayors.eu/about/covenant-community/signatories/action-plan.html?scity_id=15094,GCoMEC:v2
GCoMEC:EUCoM_pledge:IT O88,IT O88,Absolute emissions reduction,2005,2020,35,percent,https://www.covenantofmayors.eu/about/covenant-community/signatories/action-plan.html?scity_id=16836,GCoMEC:v2
GCoMEC:EUCoM_pledge:IT OAD,IT OAD,Absolute emissions reduction,2005,2020,31,percent,https://www.covenantofmayors.eu/about/covenant-community/signatories/action-plan.html?scity_id=12127,GCoMEC:v2
GCoMEC:EUCoM_pledge:IT OBS,IT OBS,Absolute emissions reduction,2000,2020,27,percent,https://www.covenantofmayors.eu/about/covenant-community/signatories/action-plan.html?scity_id=16248,GCoMEC:v2
GCoMEC:EUCoM_pledge:IT ODL,IT ODL,Absolute emissions reduction,2007,2020,22,percent,https://www.covenantofmayors.eu/about/covenant-community/signatories/action-plan.html?scity_id=12999,GCoMEC:v2
GCoMEC:EUCoM_pledge:IT ODZ,IT ODZ,Absolute emissions reduction,2010,2030,40,percent,https://www.covenantofmayors.eu/about/covenant-community/signatories/action-plan.html?scity_id=19900,GCoMEC:v2
GCoMEC:EUCoM_pledge:IT OEN,IT OEN,Absolute emissions reduction,2000,2020,28,percent,https://www.covenantofmayors.eu/about/covenant-community/signatories/action-plan.html?scity_id=14991,GCoMEC:v2
GCoMEC:EUCoM_pledge:IT OFF,IT OFF,Absolute emissions reduction,2010,2020,39,percent,https://www.covenantofmayors.eu/about/covenant-community/signatories/action-plan.html?scity_id=15692,GCoMEC:v2
GCoMEC:EUCoM_pledge:IT OGG,IT OGG,Absolute emissions reduction,2005,2020,20,percent,https://www.covenantofmayors.eu/about/covenant-community/signatories/action-plan.html?scity_id=16921,GCoMEC:v2
GCoMEC:EUCoM_pledge:IT OGO,IT OGO,Absolute emissions reduction,2005,2020,24,percent,https://www.covenantofmayors.eu/about/covenant-community/signatories/action-plan.html?scity_id=12798,GCoMEC:v2
GCoMEC:EUCoM_pledge:IT OLB,IT OLB,Absolute emissions reduction,2009,2020,21,percent,https://www.covenantofmayors.eu/about/covenant-community/signatories/action-plan.html?scity_id=14372,GCoMEC:v2
GCoMEC:EUCoM_pledge:IT OLC,IT OLC,Absolute emissions reduction,2005,2020,20,percent,https://www.covenantofmayors.eu/about/covenant-community/signatories/action-plan.html?scity_id=17592,GCoMEC:v2
GCoMEC:EUCoM_pledge:IT OME,IT OME,Absolute emissions reduction,2007,2020,20,percent,https://www.covenantofmayors.eu/about/covenant-community/signatories/action-plan.html?scity_id=16755,GCoMEC:v2
GCoMEC:EUCoM_pledge:IT OMG,IT OMG,Absolute emissions reduction,2009,2020,21,percent,https://www.covenantofmayors.eu/about/covenant-community/signatories/action-plan.html?scity_id=14443,GCoMEC:v2
GCoMEC:EUCoM_pledge:IT OOG,IT OOG,Absolute emissions reduction,2011,2020,21,percent,https://www.covenantofmayors.eu/about/covenant-community/signatories/action-plan.html?scity_id=18410,GCoMEC:v2
GCoMEC:EUCoM_pledge:IT OON,IT OON,Absolute emissions reduction,2005,2020,30,percent,https://www.covenantofmayors.eu/about/covenant-community/signatories/action-plan.html?scity_id=11989,GCoMEC:v2
GCoMEC:EUCoM_pledge:IT OOR,IT OOR,Absolute emissions reduction,2005,2020,22,percent,https://www.covenantofmayors.eu/about/covenant-community/signatories/action-plan.html?scity_id=14979,GCoMEC:v2
GCoMEC:EUCoM_pledge:IT ORR,IT ORR,Absolute emissions reduction,2005,2020,20,percent,https://www.covenantofmayors.eu/about/covenant-community/signatories/action-plan.html?scity_id=12950,GCoMEC:v2
GCoMEC:EUCoM_pledge:IT OSN,IT OSN,Absolute emissions reduction,2005,2020,20,percent,https://www.covenantofmayors.eu/about/covenant-community/signatories/action-plan.html?scity_id=15218,GCoMEC:v2
GCoMEC:EUCoM_pledge:IT OSS,IT OSS,Absolute emissions reduction,2005,2020,20,percent,https://www.covenantofmayors.eu/about/covenant-community/signatories/action-plan.html?scity_id=13197,GCoMEC:v2
GCoMEC:EUCoM_pledge:IT OTA,IT OTA,Absolute emissions reduction,2009,2020,23,percent,https://www.covenantofmayors.eu/about/covenant-community/signatories/action-plan.html?scity_id=18056,GCoMEC:v2
GCoMEC:EUCoM_pledge:IT OUA,IT OUA,Absolute emissions reduction,2005,2020,21,percent,https://www.covenantofmayors.eu/about/covenant-community/signatories/action-plan.html?scity_id=13163,GCoMEC:v2
GCoMEC:EUCoM_pledge:IT OVN,IT OVN,Absolute emissions reduction,2005,2020,21,percent,https://www.covenantofmayors.eu/about/covenant-community/signatories/action-plan.html?scity_id=14880,GCoMEC:v2
GCoMEC:EUCoM_pledge:IT OVR,IT OVR,Absolute emissions reduction,2006,2020,20,percent,https://www.covenantofmayors.eu/about/covenant-community/signatories/action-plan.html?scity_id=17031,GCoMEC:v2
GCoMEC:EUCoM_pledge:IT OVZ,IT OVZ,Absolute emissions reduction,2010,2020,28,percent,https://www.covenantofmayors.eu/about/covenant-community/signatories/action-plan.html?scity_id=13733,GCoMEC:v2
GCoMEC:EUCoM_pledge:IT OZE,IT OZE,Absolute emissions reduction,2008,2020,20,percent,https://www.covenantofmayors.eu/about/covenant-community/signatories/action-plan.html?scity_id=17133,GCoMEC:v2
GCoMEC:EUCoM_pledge:IT PAO,IT PAO,Absolute emissions reduction,2009,2020,26,percent,https://www.covenantofmayors.eu/about/covenant-community/signatories/action-plan.html?scity_id=14016,GCoMEC:v2
GCoMEC:EUCoM_pledge:IT PAP,IT PAP,Absolute emissions reduction,2005,2020,20,percent,https://www.covenantofmayors.eu/about/covenant-community/signatories/action-plan.html?scity_id=15598,GCoMEC:v2
GCoMEC:EUCoM_pledge:IT PBO,IT PBO,Absolute emissions reduction,2005,2020,20,percent,https://www.covenantofmayors.eu/about/covenant-community/signatories/action-plan.html?scity_id=12788,GCoMEC:v2
GCoMEC:EUCoM_pledge:IT PCF,IT PCF,Absolute emissions reduction,2005,2020,20,percent,https://www.covenantofmayors.eu/about/covenant-community/signatories/action-plan.html?scity_id=13930,GCoMEC:v2
GCoMEC:EUCoM_pledge:IT PCT,IT PCT,Absolute emissions reduction,2007,2020,22,percent,https://www.covenantofmayors.eu/about/covenant-community/signatories/action-plan.html?scity_id=13205,GCoMEC:v2
GCoMEC:EUCoM_pledge:IT PCZ,IT PCZ,Absolute emissions reduction,1990,2020,20,percent,https://www.covenantofmayors.eu/about/covenant-community/signatories/action-plan.html?scity_id=12586,GCoMEC:v2
GCoMEC:EUCoM_pledge:IT PEN,IT PEN,Absolute emissions reduction,2005,2020,37,percent,https://www.covenantofmayors.eu/about/covenant-community/signatories/action-plan.html?scity_id=13605,GCoMEC:v2
GCoMEC:EUCoM_pledge:IT PES,IT PES,Absolute emissions reduction,2005,2020,22,percent,https://www.covenantofmayors.eu/about/covenant-community/signatories/action-plan.html?scity_id=15163,GCoMEC:v2
GCoMEC:EUCoM_pledge:IT PFU,IT PFU,Absolute emissions reduction,2012,2030,41,percent,https://www.covenantofmayors.eu/about/covenant-community/signatories/action-plan.html?scity_id=19744,GCoMEC:v2
GCoMEC:EUCoM_pledge:IT PGR,IT PGR,Absolute emissions reduction,2005,2020,20,percent,https://www.covenantofmayors.eu/about/covenant-community/signatories/action-plan.html?scity_id=14925,GCoMEC:v2
GCoMEC:EUCoM_pledge:IT PGZ,IT PGZ,Absolute emissions reduction,2007,2020,23,percent,https://www.covenantofmayors.eu/about/covenant-community/signatories/action-plan.html?scity_id=18356,GCoMEC:v2
GCoMEC:EUCoM_pledge:IT PIF,IT PIF,Absolute emissions reduction,2011,2020,20,percent,https://www.covenantofmayors.eu/about/covenant-community/signatories/action-plan.html?scity_id=18485,GCoMEC:v2
GCoMEC:EUCoM_pledge:IT PIG,IT PIG,Absolute emissions reduction,2005,2020,23,percent,https://www.covenantofmayors.eu/about/covenant-community/signatories/action-plan.html?scity_id=18367,GCoMEC:v2
GCoMEC:EUCoM_pledge:IT PIL,IT PIL,Absolute emissions reduction,2000,2030,41,percent,,GCoMEC:v2
GCoMEC:EUCoM_pledge:IT PIR,IT PIR,Absolute emissions reduction,2000,2020,39,percent,https://www.covenantofmayors.eu/about/covenant-community/signatories/action-plan.html?scity_id=17731,GCoMEC:v2
GCoMEC:EUCoM_pledge:IT PLA,IT PLA,Absolute emissions reduction,2010,2020,20,percent,https://www.covenantofmayors.eu/about/covenant-community/signatories/action-plan.html?scity_id=13271,GCoMEC:v2
GCoMEC:EUCoM_pledge:IT PLC,IT PLC,Absolute emissions reduction,2005,2020,22,percent,https://www.covenantofmayors.eu/about/covenant-community/signatories/action-plan.html?scity_id=13680,GCoMEC:v2
GCoMEC:EUCoM_pledge:IT PLO,IT PLO,Absolute emissions reduction,2010,2020,20,percent,https://www.covenantofmayors.eu/about/covenant-community/signatories/action-plan.html?scity_id=12002,GCoMEC:v2
GCoMEC:EUCoM_pledge:IT PMF,IT PMF,Absolute emissions reduction,2004,2020,20,percent,https://www.covenantofmayors.eu/about/covenant-community/signatories/action-plan.html?scity_id=16935,GCoMEC:v2
GCoMEC:EUCoM_pledge:IT PMV,IT PMV,Absolute emissions reduction,2005,2020,20,percent,https://www.covenantofmayors.eu/about/covenant-community/signatories/action-plan.html?scity_id=17630,GCoMEC:v2
GCoMEC:EUCoM_pledge:IT PNS,IT PNS,Absolute emissions reduction,2005,2020,22,percent,https://www.covenantofmayors.eu/about/covenant-community/signatories/action-plan.html?scity_id=12766,GCoMEC:v2
GCoMEC:EUCoM_pledge:IT POG,IT POG,Absolute emissions reduction,2007,2020,31,percent,https://www.covenantofmayors.eu/about/covenant-community/signatories/action-plan.html?scity_id=17043,GCoMEC:v2
GCoMEC:EUCoM_pledge:IT PPR,IT PPR,Absolute emissions reduction,2008,2020,24,percent,https://www.covenantofmayors.eu/about/covenant-community/signatories/action-plan.html?scity_id=14877,GCoMEC:v2
GCoMEC:EUCoM_pledge:IT PPT,IT PPT,Absolute emissions reduction,2008,2020,27,percent,https://www.covenantofmayors.eu/about/covenant-community/signatories/action-plan.html?scity_id=16801,GCoMEC:v2
GCoMEC:EUCoM_pledge:IT PRM,IT PRM,Absolute emissions reduction,2005,2020,20,percent,https://www.covenantofmayors.eu/about/covenant-community/signatories/action-plan.html?scity_id=13949,GCoMEC:v2
GCoMEC:EUCoM_pledge:IT PS8,IT PS8,Absolute emissions reduction,2005,2020,22,percent,https://www.covenantofmayors.eu/about/covenant-community/signatories/action-plan.html?scity_id=13058,GCoMEC:v2
GCoMEC:EUCoM_pledge:IT PSP,IT PSP,Absolute emissions reduction,2005,2020,20,percent,https://www.covenantofmayors.eu/about/covenant-community/signatories/action-plan.html?scity_id=15177,GCoMEC:v2
GCoMEC:EUCoM_pledge:IT PSR,IT PSR,Absolute emissions reduction,2005,2020,22,percent,https://www.covenantofmayors.eu/about/covenant-community/signatories/action-plan.html?scity_id=13826,GCoMEC:v2
GCoMEC:EUCoM_pledge:IT PT9,IT PT9,Absolute emissions reduction,2000,2020,21,percent,https://www.covenantofmayors.eu/about/covenant-community/signatories/action-plan.html?scity_id=14661,GCoMEC:v2
GCoMEC:EUCoM_pledge:IT PUL,IT PUL,Absolute emissions reduction,2005,2020,20,percent,https://www.covenantofmayors.eu/about/covenant-community/signatories/action-plan.html?scity_id=11991,GCoMEC:v2
GCoMEC:EUCoM_pledge:IT PUO,IT PUO,Absolute emissions reduction,2005,2020,21,percent,https://www.covenantofmayors.eu/about/covenant-community/signatories/action-plan.html?scity_id=13613,GCoMEC:v2
GCoMEC:EUCoM_pledge:IT PVF,IT PVF,Absolute emissions reduction,2005,2020,20,percent,https://www.covenantofmayors.eu/about/covenant-community/signatories/action-plan.html?scity_id=17640,GCoMEC:v2
GCoMEC:EUCoM_pledge:IT PVL,IT PVL,Absolute emissions reduction,2002,2020,21,percent,https://www.covenantofmayors.eu/about/covenant-community/signatories/action-plan.html?scity_id=18270,GCoMEC:v2
GCoMEC:EUCoM_pledge:IT PVM,IT PVM,Absolute emissions reduction,2005,2020,23,percent,https://www.covenantofmayors.eu/about/covenant-community/signatories/action-plan.html?scity_id=11993,GCoMEC:v2
GCoMEC:EUCoM_pledge:IT PZD,IT PZD,Absolute emissions reduction,2005,2020,29,percent,https://www.covenantofmayors.eu/about/covenant-community/signatories/action-plan.html?scity_id=15589,GCoMEC:v2
GCoMEC:EUCoM_pledge:IT PZW,IT PZW,Absolute emissions reduction,2005,2020,23,percent,https://www.covenantofmayors.eu/about/covenant-community/signatories/action-plan.html?scity_id=16763,GCoMEC:v2
GCoMEC:EUCoM_pledge:IT QTA,IT QTA,Absolute emissions reduction,2005,2020,20,percent,https://www.covenantofmayors.eu/about/covenant-community/signatories/action-plan.html?scity_id=16878,GCoMEC:v2
GCoMEC:EUCoM_pledge:IT RAN,IT RAN,Absolute emissions reduction,2007,2020,23,percent,https://www.covenantofmayors.eu/about/covenant-community/signatories/action-plan.html?scity_id=11837,GCoMEC:v2
GCoMEC:EUCoM_pledge:IT RBD,IT RBD,Absolute emissions reduction,2005,2020,20,percent,https://www.covenantofmayors.eu/about/covenant-community/signatories/action-plan.html?scity_id=17469,GCoMEC:v2
GCoMEC:EUCoM_pledge:IT RBT,IT RBT,Absolute emissions reduction,2005,2020,21,percent,https://www.covenantofmayors.eu/about/covenant-community/signatories/action-plan.html?scity_id=13254,GCoMEC:v2
GCoMEC:EUCoM_pledge:IT RCN,IT RCN,Absolute emissions reduction,2005,2020,23,percent,https://www.covenantofmayors.eu/about/covenant-community/signatories/action-plan.html?scity_id=17752,GCoMEC:v2
GCoMEC:EUCoM_pledge:IT RDE,IT RDE,Absolute emissions reduction,2005,2020,20,percent,https://www.covenantofmayors.eu/about/covenant-community/signatories/action-plan.html?scity_id=15255,GCoMEC:v2
GCoMEC:EUCoM_pledge:IT RDG,IT RDG,Absolute emissions reduction,2005,2020,20,percent,https://www.covenantofmayors.eu/about/covenant-community/signatories/action-plan.html?scity_id=18891,GCoMEC:v2
GCoMEC:EUCoM_pledge:IT RDT,IT RDT,Absolute emissions reduction,2000,2020,26,percent,https://www.covenantofmayors.eu/about/covenant-community/signatories/action-plan.html?scity_id=16808,GCoMEC:v2
GCoMEC:EUCoM_pledge:IT RHO,IT RHO,Absolute emissions reduction,2005,2020,20,percent,https://www.covenantofmayors.eu/about/covenant-community/signatories/action-plan.html?scity_id=15586,GCoMEC:v2
GCoMEC:EUCoM_pledge:IT RII,IT RII,Absolute emissions reduction,2009,2020,25,percent,https://www.covenantofmayors.eu/about/covenant-community/signatories/action-plan.html?scity_id=13743,GCoMEC:v2
GCoMEC:EUCoM_pledge:IT RIS,IT RIS,Absolute emissions reduction,2005,2020,20,percent,https://www.covenantofmayors.eu/about/covenant-community/signatories/action-plan.html?scity_id=15605,GCoMEC:v2
GCoMEC:EUCoM_pledge:IT RLA,IT RLA,Absolute emissions reduction,2005,2020,25,percent,https://www.covenantofmayors.eu/about/covenant-community/signatories/action-plan.html?scity_id=11961,GCoMEC:v2
GCoMEC:EUCoM_pledge:IT RLS,IT RLS,Absolute emissions reduction,2005,2020,20,percent,https://www.covenantofmayors.eu/about/covenant-community/signatories/action-plan.html?scity_id=17194,GCoMEC:v2
GCoMEC:EUCoM_pledge:IT RMO,IT RMO,Absolute emissions reduction,2004,2020,35,percent,https://www.covenantofmayors.eu/about/covenant-community/signatories/action-plan.html?scity_id=17686,GCoMEC:v2
GCoMEC:EUCoM_pledge:IT RNC,IT RNC,Absolute emissions reduction,2005,2020,20,percent,https://www.covenantofmayors.eu/about/covenant-community/signatories/action-plan.html?scity_id=15255,GCoMEC:v2
GCoMEC:EUCoM_pledge:IT ROA,IT ROA,Absolute emissions reduction,2009,2020,20,percent,https://www.covenantofmayors.eu/about/covenant-community/signatories/action-plan.html?scity_id=16972,GCoMEC:v2
GCoMEC:EUCoM_pledge:IT ROF,IT ROF,Absolute emissions reduction,2005,2020,23,percent,https://www.covenantofmayors.eu/about/covenant-community/signatories/action-plan.html?scity_id=14021,GCoMEC:v2
GCoMEC:EUCoM_pledge:IT ROL,IT ROL,Absolute emissions reduction,2005,2020,20,percent,https://www.covenantofmayors.eu/about/covenant-community/signatories/action-plan.html?scity_id=15339,GCoMEC:v2
GCoMEC:EUCoM_pledge:IT ROO,IT ROO,Absolute emissions reduction,2005,2020,22,percent,https://www.covenantofmayors.eu/about/covenant-community/signatories/action-plan.html?scity_id=14029,GCoMEC:v2
GCoMEC:EUCoM_pledge:IT RPI,IT RPI,Absolute emissions reduction,1998,2020,25,percent,https://www.covenantofmayors.eu/about/covenant-community/signatories/action-plan.html?scity_id=14543,GCoMEC:v2
GCoMEC:EUCoM_pledge:IT RPS,IT RPS,Absolute emissions reduction,2000,2020,39,percent,https://www.covenantofmayors.eu/about/covenant-community/signatories/action-plan.html?scity_id=18045,GCoMEC:v2
GCoMEC:EUCoM_pledge:IT RRG,IT RRG,Absolute emissions reduction,2009,2020,23,percent,https://www.covenantofmayors.eu/about/covenant-community/signatories/action-plan.html?scity_id=18056,GCoMEC:v2
GCoMEC:EUCoM_pledge:IT RSC,IT RSC,Absolute emissions reduction,2010,2020,27,percent,https://www.covenantofmayors.eu/about/covenant-community/signatories/action-plan.html?scity_id=11996,GCoMEC:v2
GCoMEC:EUCoM_pledge:IT RTO,IT RTO,Absolute emissions reduction,2001,2020,23,percent,https://www.covenantofmayors.eu/about/covenant-community/signatories/action-plan.html?scity_id=14172,GCoMEC:v2
GCoMEC:EUCoM_pledge:IT RUB,IT RUB,Absolute emissions reduction,2011,2020,20,percent,https://www.covenantofmayors.eu/about/covenant-community/signatories/action-plan.html?scity_id=16926,GCoMEC:v2
GCoMEC:EUCoM_pledge:IT RVA,IT RVA,Absolute emissions reduction,2005,2020,20,percent,https://www.covenantofmayors.eu/about/covenant-community/signatories/action-plan.html?scity_id=13612,GCoMEC:v2
GCoMEC:EUCoM_pledge:IT RVL,IT RVL,Absolute emissions reduction,2000,2020,26,percent,https://www.covenantofmayors.eu/about/covenant-community/signatories/action-plan.html?scity_id=14900,GCoMEC:v2
GCoMEC:EUCoM_pledge:IT RVT,IT RVT,Absolute emissions reduction,2010,2020,22,percent,https://www.covenantofmayors.eu/about/covenant-community/signatories/action-plan.html?scity_id=15295,GCoMEC:v2
GCoMEC:EUCoM_pledge:IT S2N,IT S2N,Absolute emissions reduction,2011,2020,20,percent,https://www.covenantofmayors.eu/about/covenant-community/signatories/action-plan.html?scity_id=14379,GCoMEC:v2
GCoMEC:EUCoM_pledge:IT SA7,IT SA7,Absolute emissions reduction,2000,2020,24,percent,https://www.covenantofmayors.eu/about/covenant-community/signatories/action-plan.html?scity_id=13401,GCoMEC:v2
GCoMEC:EUCoM_pledge:IT SAA,IT SAA,Absolute emissions reduction,2005,2020,21,percent,https://www.covenantofmayors.eu/about/covenant-community/signatories/action-plan.html?scity_id=13997,GCoMEC:v2
GCoMEC:EUCoM_pledge:IT SAB,IT SAB,Absolute emissions reduction,2005,2020,20,percent,https://www.covenantofmayors.eu/about/covenant-community/signatories/action-plan.html?scity_id=17494,GCoMEC:v2
GCoMEC:EUCoM_pledge:IT SAL,IT SAL,Absolute emissions reduction,2005,2020,23,percent,https://www.covenantofmayors.eu/about/covenant-community/signatories/action-plan.html?scity_id=14083,GCoMEC:v2
GCoMEC:EUCoM_pledge:IT SBF,IT SBF,Absolute emissions reduction,2005,2020,20,percent,https://www.covenantofmayors.eu/about/covenant-community/signatories/action-plan.html?scity_id=13048,GCoMEC:v2
GCoMEC:EUCoM_pledge:IT SBR,IT SBR,Absolute emissions reduction,2008,2020,25,percent,https://www.covenantofmayors.eu/about/covenant-community/signatories/action-plan.html?scity_id=14883,GCoMEC:v2
GCoMEC:EUCoM_pledge:IT SCA,IT SCA,Absolute emissions reduction,2011,2020,20,percent,https://www.covenantofmayors.eu/about/covenant-community/signatories/action-plan.html?scity_id=17400,GCoMEC:v2
GCoMEC:EUCoM_pledge:IT SCH,IT SCH,Absolute emissions reduction,2006,2020,20,percent,https://www.covenantofmayors.eu/about/covenant-community/signatories/action-plan.html?scity_id=16138,GCoMEC:v2
GCoMEC:EUCoM_pledge:IT SCZ,IT SCZ,Absolute emissions reduction,2005,2020,20,percent,https://www.covenantofmayors.eu/about/covenant-community/signatories/action-plan.html?scity_id=17032,GCoMEC:v2
GCoMEC:EUCoM_pledge:IT SDA,IT SDA,Absolute emissions reduction,2005,2020,21,percent,https://www.covenantofmayors.eu/about/covenant-community/signatories/action-plan.html?scity_id=14308,GCoMEC:v2
GCoMEC:EUCoM_pledge:IT SDB,IT SDB,Absolute emissions reduction,2005,2020,22,percent,https://www.covenantofmayors.eu/about/covenant-community/signatories/action-plan.html?scity_id=15610,GCoMEC:v2
GCoMEC:EUCoM_pledge:IT SDP,IT SDP,Absolute emissions reduction,2005,2020,20,percent,https://www.covenantofmayors.eu/about/covenant-community/signatories/action-plan.html?scity_id=15063,GCoMEC:v2
GCoMEC:EUCoM_pledge:IT SEG,IT SEG,Absolute emissions reduction,2005,2020,20,percent,https://www.covenantofmayors.eu/about/covenant-community/signatories/action-plan.html?scity_id=16048,GCoMEC:v2
GCoMEC:EUCoM_pledge:IT SEN,IT SEN,Absolute emissions reduction,2010,2020,28,percent,https://www.covenantofmayors.eu/about/covenant-community/signatories/action-plan.html?scity_id=11999,GCoMEC:v2
GCoMEC:EUCoM_pledge:IT SER,IT SER,Absolute emissions reduction,2005,2020,20,percent,https://www.covenantofmayors.eu/about/covenant-community/signatories/action-plan.html?scity_id=13226,GCoMEC:v2
GCoMEC:EUCoM_pledge:IT SEV,IT SEV,Absolute emissions reduction,2005,2020,20,percent,https://www.covenantofmayors.eu/about/covenant-community/signatories/action-plan.html?scity_id=12003,GCoMEC:v2
GCoMEC:EUCoM_pledge:IT SEZ,IT SEZ,Absolute emissions reduction,2010,2020,21,percent,https://www.covenantofmayors.eu/about/covenant-community/signatories/action-plan.html?scity_id=19264,GCoMEC:v2
GCoMEC:EUCoM_pledge:IT SIB,IT SIB,Absolute emissions reduction,2010,2020,24,percent,https://www.covenantofmayors.eu/about/covenant-community/signatories/action-plan.html?scity_id=16035,GCoMEC:v2
GCoMEC:EUCoM_pledge:IT SIR,IT SIR,Absolute emissions reduction,2014,2020,39,percent,https://www.covenantofmayors.eu/about/covenant-community/signatories/action-plan.html?scity_id=16528,GCoMEC:v2
GCoMEC:EUCoM_pledge:IT SL7,IT SL7,Absolute emissions reduction,2005,2020,24,percent,https://www.covenantofmayors.eu/about/covenant-community/signatories/action-plan.html?scity_id=15919,GCoMEC:v2
GCoMEC:EUCoM_pledge:IT SLS,IT SLS,Absolute emissions reduction,2008,2020,20,percent,https://www.covenantofmayors.eu/about/covenant-community/signatories/action-plan.html?scity_id=17092,GCoMEC:v2
GCoMEC:EUCoM_pledge:IT SMB,IT SMB,Absolute emissions reduction,2005,2020,24,percent,https://www.covenantofmayors.eu/about/covenant-community/signatories/action-plan.html?scity_id=15876,GCoMEC:v2
GCoMEC:EUCoM_pledge:IT SMN,IT SMN,Absolute emissions reduction,2010,2020,26,percent,https://www.covenantofmayors.eu/about/covenant-community/signatories/action-plan.html?scity_id=16326,GCoMEC:v2
GCoMEC:EUCoM_pledge:IT SMS,IT SMS,Absolute emissions reduction,2005,2020,20,percent,https://www.covenantofmayors.eu/about/covenant-community/signatories/action-plan.html?scity_id=17068,GCoMEC:v2
GCoMEC:EUCoM_pledge:IT SMV,IT SMV,Absolute emissions reduction,2000,2020,34,percent,https://www.covenantofmayors.eu/about/covenant-community/signatories/action-plan.html?scity_id=16432,GCoMEC:v2
GCoMEC:EUCoM_pledge:IT SNW,IT SNW,Absolute emissions reduction,2005,2020,21,percent,https://www.covenantofmayors.eu/about/covenant-community/signatories/action-plan.html?scity_id=13322,GCoMEC:v2
GCoMEC:EUCoM_pledge:IT SNX,IT SNX,Absolute emissions reduction,2005,2020,20,percent,https://www.covenantofmayors.eu/about/covenant-community/signatories/action-plan.html?scity_id=13545,GCoMEC:v2
GCoMEC:EUCoM_pledge:IT SNY,IT SNY,Absolute emissions reduction,2005,2020,23,percent,https://www.covenantofmayors.eu/about/covenant-community/signatories/action-plan.html?scity_id=14384,GCoMEC:v2
GCoMEC:EUCoM_pledge:IT SO8,IT SO8,Absolute emissions reduction,2005,2020,20,percent,https://www.covenantofmayors.eu/about/covenant-community/signatories/action-plan.html?scity_id=15260,GCoMEC:v2
GCoMEC:EUCoM_pledge:IT SOA,IT SOA,Absolute emissions reduction,2010,2020,20,percent,https://www.covenantofmayors.eu/about/covenant-community/signatories/action-plan.html?scity_id=18114,GCoMEC:v2
GCoMEC:EUCoM_pledge:IT SOB,IT SOB,Absolute emissions reduction,2005,2020,21,percent,https://www.covenantofmayors.eu/about/covenant-community/signatories/action-plan.html?scity_id=13549,GCoMEC:v2
GCoMEC:EUCoM_pledge:IT SOH,IT SOH,Absolute emissions reduction,2005,2020,24,percent,https://www.covenantofmayors.eu/about/covenant-community/signatories/action-plan.html?scity_id=15289,GCoMEC:v2
GCoMEC:EUCoM_pledge:IT SOT,IT SOT,Absolute emissions reduction,2005,2020,26,percent,https://www.covenantofmayors.eu/about/covenant-community/signatories/action-plan.html?scity_id=14178,GCoMEC:v2
GCoMEC:EUCoM_pledge:IT SOV,IT SOV,Absolute emissions reduction,2005,2020,21,percent,https://www.covenantofmayors.eu/about/covenant-community/signatories/action-plan.html?scity_id=13049,GCoMEC:v2
GCoMEC:EUCoM_pledge:IT SOX,IT SOX,Absolute emissions reduction,2005,2020,24,percent,,GCoMEC:v2
GCoMEC:EUCoM_pledge:IT SPE,IT SPE,Absolute emissions reduction,2007,2020,20,percent,https://www.covenantofmayors.eu/about/covenant-community/signatories/action-plan.html?scity_id=14485,GCoMEC:v2
GCoMEC:EUCoM_pledge:IT SR3,IT SR3,Absolute emissions reduction,2010,2020,26,percent,https://www.covenantofmayors.eu/about/covenant-community/signatories/action-plan.html?scity_id=14547,GCoMEC:v2
GCoMEC:EUCoM_pledge:IT SRM,IT SRM,Absolute emissions reduction,2010,2020,21,percent,https://www.covenantofmayors.eu/about/covenant-community/signatories/action-plan.html?scity_id=17377,GCoMEC:v2
GCoMEC:EUCoM_pledge:IT SRS,IT SRS,Absolute emissions reduction,2005,2020,21,percent,,GCoMEC:v2
GCoMEC:EUCoM_pledge:IT SSE,IT SSE,Absolute emissions reduction,2005,2020,21,percent,https://www.covenantofmayors.eu/about/covenant-community/signatories/action-plan.html?scity_id=12935,GCoMEC:v2
GCoMEC:EUCoM_pledge:IT SSG,IT SSG,Absolute emissions reduction,2005,2020,27,percent,https://www.covenantofmayors.eu/about/covenant-community/signatories/action-plan.html?scity_id=18858,GCoMEC:v2
GCoMEC:EUCoM_pledge:IT SSM,IT SSM,Absolute emissions reduction,2009,2030,44,percent,,GCoMEC:v2
GCoMEC:EUCoM_pledge:IT SSU,IT SSU,Absolute emissions reduction,1999,2020,21,percent,https://www.covenantofmayors.eu/about/covenant-community/signatories/action-plan.html?scity_id=13642,GCoMEC:v2
GCoMEC:EUCoM_pledge:IT STI,IT STI,Absolute emissions reduction,2005,2020,20,percent,https://www.covenantofmayors.eu/about/covenant-community/signatories/action-plan.html?scity_id=12001,GCoMEC:v2
GCoMEC:EUCoM_pledge:IT STO,IT STO,Absolute emissions reduction,2007,2020,22,percent,https://www.covenantofmayors.eu/about/covenant-community/signatories/action-plan.html?scity_id=12914,GCoMEC:v2
GCoMEC:EUCoM_pledge:IT STZ,IT STZ,Absolute emissions reduction,2005,2020,20,percent,https://www.covenantofmayors.eu/about/covenant-community/signatories/action-plan.html?scity_id=14977,GCoMEC:v2
GCoMEC:EUCoM_pledge:IT SUI,IT SUI,Absolute emissions reduction,2005,2020,21,percent,https://www.covenantofmayors.eu/about/covenant-community/signatories/action-plan.html?scity_id=14378,GCoMEC:v2
GCoMEC:EUCoM_pledge:IT SVN,IT SVN,Absolute emissions reduction,2005,2020,26,percent,https://www.covenantofmayors.eu/about/covenant-community/signatories/action-plan.html?scity_id=12132,GCoMEC:v2
GCoMEC:EUCoM_pledge:IT SZA,IT SZA,Absolute emissions reduction,2005,2020,23,percent,https://www.covenantofmayors.eu/about/covenant-community/signatories/action-plan.html?scity_id=13954,GCoMEC:v2
GCoMEC:EUCoM_pledge:IT SZE,IT SZE,Absolute emissions reduction,2005,2020,20,percent,https://www.covenantofmayors.eu/about/covenant-community/signatories/action-plan.html?scity_id=15402,GCoMEC:v2
GCoMEC:EUCoM_pledge:IT SZO,IT SZO,Absolute emissions reduction,2005,2020,20,percent,https://www.covenantofmayors.eu/about/covenant-community/signatories/action-plan.html?scity_id=15728,GCoMEC:v2
GCoMEC:EUCoM_pledge:IT SZT,IT SZT,Absolute emissions reduction,2005,2020,22,percent,https://www.covenantofmayors.eu/about/covenant-community/signatories/action-plan.html?scity_id=12815,GCoMEC:v2
GCoMEC:EUCoM_pledge:IT TAM,IT TAM,Absolute emissions reduction,2000,2020,29,percent,https://www.covenantofmayors.eu/about/covenant-community/signatories/action-plan.html?scity_id=13428,GCoMEC:v2
GCoMEC:EUCoM_pledge:IT TBD,IT TBD,Absolute emissions reduction,2005,2020,22,percent,https://www.covenantofmayors.eu/about/covenant-community/signatories/action-plan.html?scity_id=13139,GCoMEC:v2
GCoMEC:EUCoM_pledge:IT TCO,IT TCO,Absolute emissions reduction,2004,2020,24,percent,https://www.covenantofmayors.eu/about/covenant-community/signatories/action-plan.html?scity_id=11828,GCoMEC:v2
GCoMEC:EUCoM_pledge:IT TCZ,IT TCZ,Absolute emissions reduction,2005,2020,22,percent,https://www.covenantofmayors.eu/about/covenant-community/signatories/action-plan.html?scity_id=14020,GCoMEC:v2
GCoMEC:EUCoM_pledge:IT TDN,IT TDN,Absolute emissions reduction,2005,2020,23,percent,https://www.covenantofmayors.eu/about/covenant-community/signatories/action-plan.html?scity_id=12946,GCoMEC:v2
GCoMEC:EUCoM_pledge:IT TDO,IT TDO,Absolute emissions reduction,2005,2020,20,percent,https://www.covenantofmayors.eu/about/covenant-community/signatories/action-plan.html?scity_id=13239,GCoMEC:v2
GCoMEC:EUCoM_pledge:IT TDQ,IT TDQ,Absolute emissions reduction,2005,2020,26,percent,https://www.covenantofmayors.eu/about/covenant-community/signatories/action-plan.html?scity_id=15387,GCoMEC:v2
GCoMEC:EUCoM_pledge:IT TEL,IT TEL,Absolute emissions reduction,2005,2020,23,percent,https://www.covenantofmayors.eu/about/covenant-community/signatories/action-plan.html?scity_id=13614,GCoMEC:v2
GCoMEC:EUCoM_pledge:IT TGC,IT TGC,Absolute emissions reduction,2011,2020,38,percent,https://www.covenantofmayors.eu/about/covenant-community/signatories/action-plan.html?scity_id=13789,GCoMEC:v2
GCoMEC:EUCoM_pledge:IT TGG,IT TGG,Absolute emissions reduction,2005,2020,20,percent,https://www.covenantofmayors.eu/about/covenant-community/signatories/action-plan.html?scity_id=16736,GCoMEC:v2
GCoMEC:EUCoM_pledge:IT TGI,IT TGI,Absolute emissions reduction,2005,2020,25,percent,https://www.covenantofmayors.eu/about/covenant-community/signatories/action-plan.html?scity_id=15624,GCoMEC:v2
GCoMEC:EUCoM_pledge:IT TGO,IT TGO,Absolute emissions reduction,2011,2020,24,percent,https://www.covenantofmayors.eu/about/covenant-community/signatories/action-plan.html?scity_id=16653,GCoMEC:v2
GCoMEC:EUCoM_pledge:IT THE,IT THE,Absolute emissions reduction,2010,2020,20,percent,https://www.covenantofmayors.eu/about/covenant-community/signatories/action-plan.html?scity_id=14990,GCoMEC:v2
GCoMEC:EUCoM_pledge:IT TIL,IT TIL,Absolute emissions reduction,2005,2020,20,percent,https://www.covenantofmayors.eu/about/covenant-community/signatories/action-plan.html?scity_id=17403,GCoMEC:v2
GCoMEC:EUCoM_pledge:IT TLA,IT TLA,Absolute emissions reduction,2005,2020,28,percent,https://www.covenantofmayors.eu/about/covenant-community/signatories/action-plan.html?scity_id=12000,GCoMEC:v2
GCoMEC:EUCoM_pledge:IT TLL,IT TLL,Absolute emissions reduction,2006,2020,20,percent,https://www.covenantofmayors.eu/about/covenant-community/signatories/action-plan.html?scity_id=14022,GCoMEC:v2
GCoMEC:EUCoM_pledge:IT TMF,IT TMF,Absolute emissions reduction,2004,2020,23,percent,https://www.covenantofmayors.eu/about/covenant-community/signatories/action-plan.html?scity_id=14617,GCoMEC:v2
GCoMEC:EUCoM_pledge:IT TOM,IT TOM,Absolute emissions reduction,2005,2020,20,percent,https://www.covenantofmayors.eu/about/covenant-community/signatories/action-plan.html?scity_id=18329,GCoMEC:v2
GCoMEC:EUCoM_pledge:IT TPS,IT TPS,Absolute emissions reduction,2011,2020,25,percent,https://www.covenantofmayors.eu/about/covenant-community/signatories/action-plan.html?scity_id=16570,GCoMEC:v2
GCoMEC:EUCoM_pledge:IT TRB,IT TRB,Absolute emissions reduction,2008,2020,20,percent,https://www.covenantofmayors.eu/about/covenant-community/signatories/action-plan.html?scity_id=16537,GCoMEC:v2
GCoMEC:EUCoM_pledge:IT TRS,IT TRS,Absolute emissions reduction,2001,2020,20,percent,https://www.covenantofmayors.eu/about/covenant-community/signatories/action-plan.html?scity_id=15814,GCoMEC:v2
GCoMEC:EUCoM_pledge:IT TRT,IT TRT,Absolute emissions reduction,2006,2020,22,percent,https://www.covenantofmayors.eu/about/covenant-community/signatories/action-plan.html?scity_id=18032,GCoMEC:v2
GCoMEC:EUCoM_pledge:IT TRV,IT TRV,Absolute emissions reduction,2006,2020,22,percent,https://www.covenantofmayors.eu/about/covenant-community/signatories/action-plan.html?scity_id=14340,GCoMEC:v2
GCoMEC:EUCoM_pledge:IT TRZ,IT TRZ,Absolute emissions reduction,2005,2020,29,percent,https://www.covenantofmayors.eu/about/covenant-community/signatories/action-plan.html?scity_id=12194,GCoMEC:v2
GCoMEC:EUCoM_pledge:IT TVG,IT TVG,Absolute emissions reduction,2005,2020,25,percent,https://www.covenantofmayors.eu/about/covenant-community/signatories/action-plan.html?scity_id=13963,GCoMEC:v2
GCoMEC:EUCoM_pledge:IT TVL,IT TVL,Absolute emissions reduction,2005,2020,20,percent,https://www.covenantofmayors.eu/about/covenant-community/signatories/action-plan.html?scity_id=13372,GCoMEC:v2
GCoMEC:EUCoM_pledge:IT TXN,IT TXN,Absolute emissions reduction,2005,2020,25,percent,https://www.covenantofmayors.eu/about/covenant-community/signatories/action-plan.html?scity_id=15504,GCoMEC:v2
GCoMEC:EUCoM_pledge:IT TZA,IT TZA,Absolute emissions reduction,2008,2020,20,percent,https://www.covenantofmayors.eu/about/covenant-community/signatories/action-plan.html?scity_id=16776,GCoMEC:v2
GCoMEC:EUCoM_pledge:IT TZV,IT TZV,Absolute emissions reduction,2005,2020,20,percent,https://www.covenantofmayors.eu/about/covenant-community/signatories/action-plan.html?scity_id=12005,GCoMEC:v2
GCoMEC:EUCoM_pledge:IT UDN,IT UDN,Absolute emissions reduction,2006,2020,21,percent,https://www.covenantofmayors.eu/about/covenant-community/signatories/action-plan.html?scity_id=12573,GCoMEC:v2
GCoMEC:EUCoM_pledge:IT UHJ,IT UHJ,Absolute emissions reduction,2012,2030,42,percent,,GCoMEC:v2
GCoMEC:EUCoM_pledge:IT URB,IT URB,Absolute emissions reduction,2010,2020,23,percent,https://www.covenantofmayors.eu/about/covenant-community/signatories/action-plan.html?scity_id=14226,GCoMEC:v2
GCoMEC:EUCoM_pledge:IT URT,IT URT,Absolute emissions reduction,2005,2020,30,percent,https://www.covenantofmayors.eu/about/covenant-community/signatories/action-plan.html?scity_id=17019,GCoMEC:v2
GCoMEC:EUCoM_pledge:IT UTV,IT UTV,Absolute emissions reduction,2007,2020,22,percent,https://www.covenantofmayors.eu/about/covenant-community/signatories/action-plan.html?scity_id=17966,GCoMEC:v2
GCoMEC:EUCoM_pledge:IT UUC,IT UUC,Absolute emissions reduction,2005,2020,26,percent,https://www.covenantofmayors.eu/about/covenant-community/signatories/action-plan.html?scity_id=16767,GCoMEC:v2
GCoMEC:EUCoM_pledge:IT VAN,IT VAN,Absolute emissions reduction,2005,2020,20,percent,https://www.covenantofmayors.eu/about/covenant-community/signatories/action-plan.html?scity_id=16615,GCoMEC:v2
GCoMEC:EUCoM_pledge:IT VAO,IT VAO,Absolute emissions reduction,2005,2020,25,percent,https://www.covenantofmayors.eu/about/covenant-community/signatories/action-plan.html?scity_id=14165,GCoMEC:v2
GCoMEC:EUCoM_pledge:IT VBH,IT VBH,Absolute emissions reduction,2005,2020,25,percent,https://www.covenantofmayors.eu/about/covenant-community/signatories/action-plan.html?scity_id=15537,GCoMEC:v2
GCoMEC:EUCoM_pledge:IT VDD,IT VDD,Absolute emissions reduction,2005,2020,21,percent,https://www.covenantofmayors.eu/about/covenant-community/signatories/action-plan.html?scity_id=15615,GCoMEC:v2
GCoMEC:EUCoM_pledge:IT VDN,IT VDN,Absolute emissions reduction,2005,2020,26,percent,https://www.covenantofmayors.eu/about/covenant-community/signatories/action-plan.html?scity_id=14360,GCoMEC:v2
GCoMEC:EUCoM_pledge:IT VDR,IT VDR,Absolute emissions reduction,2005,2020,21,percent,https://www.covenantofmayors.eu/about/covenant-community/signatories/action-plan.html?scity_id=15576,GCoMEC:v2
GCoMEC:EUCoM_pledge:IT VE2,IT VE2,Absolute emissions reduction,2010,2020,24,percent,https://www.covenantofmayors.eu/about/covenant-community/signatories/action-plan.html?scity_id=18361,GCoMEC:v2
GCoMEC:EUCoM_pledge:IT VEA,IT VEA,Absolute emissions reduction,2010,2020,22,percent,https://www.covenantofmayors.eu/about/covenant-community/signatories/action-plan.html?scity_id=18548,GCoMEC:v2
GCoMEC:EUCoM_pledge:IT VEL,IT VEL,Absolute emissions reduction,2007,2020,26,percent,https://www.covenantofmayors.eu/about/covenant-community/signatories/action-plan.html?scity_id=18412,GCoMEC:v2
GCoMEC:EUCoM_pledge:IT VGM,IT VGM,Absolute emissions reduction,2007,2020,36,percent,https://www.covenantofmayors.eu/about/covenant-community/signatories/action-plan.html?scity_id=17045,GCoMEC:v2
GCoMEC:EUCoM_pledge:IT VGT,IT VGT,Absolute emissions reduction,2005,2020,20,percent,https://www.covenantofmayors.eu/about/covenant-community/signatories/action-plan.html?scity_id=16733,GCoMEC:v2
GCoMEC:EUCoM_pledge:IT VIL,IT VIL,Absolute emissions reduction,2005,2020,22,percent,https://www.covenantofmayors.eu/about/covenant-community/signatories/action-plan.html?scity_id=13248,GCoMEC:v2
GCoMEC:EUCoM_pledge:IT VIN,IT VIN,Absolute emissions reduction,2009,2020,20,percent,https://www.covenantofmayors.eu/about/covenant-community/signatories/action-plan.html?scity_id=13552,GCoMEC:v2
GCoMEC:EUCoM_pledge:IT VLC,IT VLC,Absolute emissions reduction,2005,2020,21,percent,https://www.covenantofmayors.eu/about/covenant-community/signatories/action-plan.html?scity_id=12936,GCoMEC:v2
GCoMEC:EUCoM_pledge:IT VLD,IT VLD,Absolute emissions reduction,2010,2020,20,percent,https://www.covenantofmayors.eu/about/covenant-community/signatories/action-plan.html?scity_id=12986,GCoMEC:v2
GCoMEC:EUCoM_pledge:IT VLI,IT VLI,Absolute emissions reduction,2005,2020,21,percent,https://www.covenantofmayors.eu/about/covenant-community/signatories/action-plan.html?scity_id=15131,GCoMEC:v2
GCoMEC:EUCoM_pledge:IT VLM,IT VLM,Absolute emissions reduction,2005,2020,25,percent,https://www.covenantofmayors.eu/about/covenant-community/signatories/action-plan.html?scity_id=17365,GCoMEC:v2
GCoMEC:EUCoM_pledge:IT VNL,IT VNL,Absolute emissions reduction,2005,2020,22,percent,https://www.covenantofmayors.eu/about/covenant-community/signatories/action-plan.html?scity_id=13056,GCoMEC:v2
GCoMEC:EUCoM_pledge:IT VNT,IT VNT,Absolute emissions reduction,2005,2020,21,percent,https://www.covenantofmayors.eu/about/covenant-community/signatories/action-plan.html?scity_id=14028,GCoMEC:v2
GCoMEC:EUCoM_pledge:IT VNZ,IT VNZ,Absolute emissions reduction,2005,2020,20,percent,https://www.covenantofmayors.eu/about/covenant-community/signatories/action-plan.html?scity_id=12006,GCoMEC:v2
GCoMEC:EUCoM_pledge:IT VOL,IT VOL,Absolute emissions reduction,2000,2020,21,percent,https://www.covenantofmayors.eu/about/covenant-community/signatories/action-plan.html?scity_id=13443,GCoMEC:v2
GCoMEC:EUCoM_pledge:IT VPD,IT VPD,Absolute emissions reduction,2010,2020,33,percent,https://www.covenantofmayors.eu/about/covenant-community/signatories/action-plan.html?scity_id=12007,GCoMEC:v2
GCoMEC:EUCoM_pledge:IT VPT,IT VPT,Absolute emissions reduction,2005,2020,20,percent,https://www.covenantofmayors.eu/about/covenant-community/signatories/action-plan.html?scity_id=16737,GCoMEC:v2
GCoMEC:EUCoM_pledge:IT VQO,IT VQO,Absolute emissions reduction,2008,2020,21,percent,https://www.covenantofmayors.eu/about/covenant-community/signatories/action-plan.html?scity_id=15909,GCoMEC:v2
GCoMEC:EUCoM_pledge:IT VRD,IT VRD,Absolute emissions reduction,2005,2020,21,percent,https://www.covenantofmayors.eu/about/covenant-community/signatories/action-plan.html?scity_id=14236,GCoMEC:v2
GCoMEC:EUCoM_pledge:IT VRL,IT VRL,Absolute emissions reduction,2002,2020,28,percent,https://www.covenantofmayors.eu/about/covenant-community/signatories/action-plan.html?scity_id=18269,GCoMEC:v2
GCoMEC:EUCoM_pledge:IT VRN,IT VRN,Absolute emissions reduction,2006,2020,20,percent,https://www.covenantofmayors.eu/about/covenant-community/signatories/action-plan.html?scity_id=11841,GCoMEC:v2
GCoMEC:EUCoM_pledge:IT VRT,IT VRT,Absolute emissions reduction,2005,2020,20,percent,https://www.covenantofmayors.eu/about/covenant-community/signatories/action-plan.html?scity_id=15507,GCoMEC:v2
GCoMEC:EUCoM_pledge:IT VRV,IT VRV,Absolute emissions reduction,1990,2020,26,percent,https://www.covenantofmayors.eu/about/covenant-community/signatories/action-plan.html?scity_id=16533,GCoMEC:v2
GCoMEC:EUCoM_pledge:IT VST,IT VST,Absolute emissions reduction,2005,2020,22,percent,https://www.covenantofmayors.eu/about/covenant-community/signatories/action-plan.html?scity_id=14175,GCoMEC:v2
GCoMEC:EUCoM_pledge:IT VTC,IT VTC,Absolute emissions reduction,2005,2020,30,percent,https://www.covenantofmayors.eu/about/covenant-community/signatories/action-plan.html?scity_id=15251,GCoMEC:v2
GCoMEC:EUCoM_pledge:IT VTN,IT VTN,Absolute emissions reduction,2007,2020,37,percent,https://www.covenantofmayors.eu/about/covenant-community/signatories/action-plan.html?scity_id=12993,GCoMEC:v2
GCoMEC:EUCoM_pledge:IT VZ6,IT VZ6,Absolute emissions reduction,2010,2020,21,percent,https://www.covenantofmayors.eu/about/covenant-community/signatories/action-plan.html?scity_id=17593,GCoMEC:v2
GCoMEC:EUCoM_pledge:IT VZH,IT VZH,Absolute emissions reduction,2005,2020,25,percent,https://www.covenantofmayors.eu/about/covenant-community/signatories/action-plan.html?scity_id=12797,GCoMEC:v2
GCoMEC:EUCoM_pledge:IT XAV,IT XAV,Absolute emissions reduction,2005,2020,20,percent,https://www.covenantofmayors.eu/about/covenant-community/signatories/action-plan.html?scity_id=14324,GCoMEC:v2
GCoMEC:EUCoM_pledge:IT XPC,IT XPC,Absolute emissions reduction,2000,2020,51,percent,https://www.covenantofmayors.eu/about/covenant-community/signatories/action-plan.html?scity_id=18008,GCoMEC:v2
GCoMEC:EUCoM_pledge:IT Z7G,IT Z7G,Absolute emissions reduction,2007,2020,21,percent,https://www.covenantofmayors.eu/about/covenant-community/signatories/action-plan.html?scity_id=12913,GCoMEC:v2
GCoMEC:EUCoM_pledge:IT ZAB,IT ZAB,Absolute emissions reduction,2005,2020,21,percent,https://www.covenantofmayors.eu/about/covenant-community/signatories/action-plan.html?scity_id=14232,GCoMEC:v2
GCoMEC:EUCoM_pledge:IT ZAN,IT ZAN,Absolute emissions reduction,2007,2020,21,percent,https://www.covenantofmayors.eu/about/covenant-community/signatories/action-plan.html?scity_id=12906,GCoMEC:v2
GCoMEC:EUCoM_pledge:IT ZBQ,IT ZBQ,Absolute emissions reduction,2006,2020,23,percent,,GCoMEC:v2
GCoMEC:EUCoM_pledge:IT ZEE,IT ZEE,Absolute emissions reduction,2005,2020,35,percent,https://www.covenantofmayors.eu/about/covenant-community/signatories/action-plan.html?scity_id=13120,GCoMEC:v2
GCoMEC:EUCoM_pledge:IT ZEN,IT ZEN,Absolute emissions reduction,2005,2020,23,percent,https://www.covenantofmayors.eu/about/covenant-community/signatories/action-plan.html?scity_id=16044,GCoMEC:v2
GCoMEC:EUCoM_pledge:IT ZET,IT ZET,Absolute emissions reduction,2011,2020,23,percent,https://www.covenantofmayors.eu/about/covenant-community/signatories/action-plan.html?scity_id=14825,GCoMEC:v2
GCoMEC:EUCoM_pledge:IT ZHA,IT ZHA,Absolute emissions reduction,2005,2020,25,percent,https://www.covenantofmayors.eu/about/covenant-community/signatories/action-plan.html?scity_id=15287,GCoMEC:v2
GCoMEC:EUCoM_pledge:IT ZHH,IT ZHH,Absolute emissions reduction,2005,2020,20,percent,https://www.covenantofmayors.eu/about/covenant-community/signatories/action-plan.html?scity_id=13022,GCoMEC:v2
GCoMEC:EUCoM_pledge:IT ZHJ,IT ZHJ,Absolute emissions reduction,2005,2020,24,percent,https://www.covenantofmayors.eu/about/covenant-community/signatories/action-plan.html?scity_id=13050,GCoMEC:v2
GCoMEC:EUCoM_pledge:IT ZHQ,IT ZHQ,Absolute emissions reduction,2000,2020,25,percent,https://www.covenantofmayors.eu/about/covenant-community/signatories/action-plan.html?scity_id=17724,GCoMEC:v2
GCoMEC:EUCoM_pledge:IT ZIL,IT ZIL,Absolute emissions reduction,2007,2020,20,percent,https://www.covenantofmayors.eu/about/covenant-community/signatories/action-plan.html?scity_id=17747,GCoMEC:v2
GCoMEC:EUCoM_pledge:IT ZIR,IT ZIR,Absolute emissions reduction,2009,2020,25,percent,https://www.covenantofmayors.eu/about/covenant-community/signatories/action-plan.html?scity_id=16307,GCoMEC:v2
GCoMEC:EUCoM_pledge:IT ZJF,IT ZJF,Absolute emissions reduction,2006,2020,27,percent,https://www.covenantofmayors.eu/about/covenant-community/signatories/action-plan.html?scity_id=16156,GCoMEC:v2
GCoMEC:EUCoM_pledge:IT ZJR,IT ZJR,Absolute emissions reduction,2005,2020,20,percent,https://www.covenantofmayors.eu/about/covenant-community/signatories/action-plan.html?scity_id=15330,GCoMEC:v2
GCoMEC:EUCoM_pledge:IT ZJU,IT ZJU,Absolute emissions reduction,2011,2020,25,percent,https://www.covenantofmayors.eu/about/covenant-community/signatories/action-plan.html?scity_id=16568,GCoMEC:v2
GCoMEC:EUCoM_pledge:IT ZKI,IT ZKI,Absolute emissions reduction,2005,2020,21,percent,https://www.covenantofmayors.eu/about/covenant-community/signatories/action-plan.html?scity_id=14843,GCoMEC:v2
GCoMEC:EUCoM_pledge:IT ZKO,IT ZKO,Absolute emissions reduction,2005,2020,25,percent,https://www.covenantofmayors.eu/about/covenant-community/signatories/action-plan.html?scity_id=17519,GCoMEC:v2
GCoMEC:EUCoM_pledge:IT ZKV,IT ZKV,Absolute emissions reduction,2005,2020,20,percent,https://www.covenantofmayors.eu/about/covenant-community/signatories/action-plan.html?scity_id=17107,GCoMEC:v2
GCoMEC:EUCoM_pledge:IT ZMB,IT ZMB,Absolute emissions reduction,2000,2020,21,percent,https://www.covenantofmayors.eu/about/covenant-community/signatories/action-plan.html?scity_id=19098,GCoMEC:v2
GCoMEC:EUCoM_pledge:IT ZNC,IT ZNC,Absolute emissions reduction,2005,2020,21,percent,https://www.covenantofmayors.eu/about/covenant-community/signatories/action-plan.html?scity_id=14222,GCoMEC:v2
GCoMEC:EUCoM_pledge:IT ZND,IT ZND,Absolute emissions reduction,2010,2020,21,percent,https://www.covenantofmayors.eu/about/covenant-community/signatories/action-plan.html?scity_id=14579,GCoMEC:v2
GCoMEC:EUCoM_pledge:IT ZNF,IT ZNF,Absolute emissions reduction,2005,2020,20,percent,https://www.covenantofmayors.eu/about/covenant-community/signatories/action-plan.html?scity_id=13149,GCoMEC:v2
GCoMEC:EUCoM_pledge:IT ZOI,IT ZOI,Absolute emissions reduction,2005,2020,21,percent,https://www.covenantofmayors.eu/about/covenant-community/signatories/action-plan.html?scity_id=17505,GCoMEC:v2
GCoMEC:EUCoM_pledge:IT ZOL,IT ZOL,Absolute emissions reduction,2009,2020,27,percent,https://www.covenantofmayors.eu/about/covenant-community/signatories/action-plan.html?scity_id=14213,GCoMEC:v2
GCoMEC:EUCoM_pledge:IT ZOT,IT ZOT,Absolute emissions reduction,2010,2030,40,percent,https://www.covenantofmayors.eu/about/covenant-community/signatories/action-plan.html?scity_id=20301,GCoMEC:v2
GCoMEC:EUCoM_pledge:IT ZPJ,IT ZPJ,Absolute emissions reduction,2005,2020,20,percent,https://www.covenantofmayors.eu/about/covenant-community/signatories/action-plan.html?scity_id=15764,GCoMEC:v2
GCoMEC:EUCoM_pledge:IT ZQT,IT ZQT,Absolute emissions reduction,2005,2020,21,percent,https://www.covenantofmayors.eu/about/covenant-community/signatories/action-plan.html?scity_id=14153,GCoMEC:v2
GCoMEC:EUCoM_pledge:IT ZQU,IT ZQU,Absolute emissions reduction,2005,2020,24,percent,https://www.covenantofmayors.eu/about/covenant-community/signatories/action-plan.html?scity_id=13381,GCoMEC:v2
GCoMEC:EUCoM_pledge:IT ZRM,IT ZRM,Absolute emissions reduction,2010,2020,20,percent,https://www.covenantofmayors.eu/about/covenant-community/signatories/action-plan.html?scity_id=18496,GCoMEC:v2
GCoMEC:EUCoM_pledge:IT ZSG,IT ZSG,Absolute emissions reduction,2005,2020,21,percent,https://www.covenantofmayors.eu/about/covenant-community/signatories/action-plan.html?scity_id=12951,GCoMEC:v2
GCoMEC:EUCoM_pledge:IT ZSL,IT ZSL,Absolute emissions reduction,2005,2020,21,percent,https://www.covenantofmayors.eu/about/covenant-community/signatories/action-plan.html?scity_id=13152,GCoMEC:v2
GCoMEC:EUCoM_pledge:IT ZSU,IT ZSU,Absolute emissions reduction,2005,2020,35,percent,https://www.covenantofmayors.eu/about/covenant-community/signatories/action-plan.html?scity_id=13995,GCoMEC:v2
GCoMEC:EUCoM_pledge:IT ZTN,IT ZTN,Absolute emissions reduction,2005,2020,25,percent,https://www.covenantofmayors.eu/about/covenant-community/signatories/action-plan.html?scity_id=15046,GCoMEC:v2
GCoMEC:EUCoM_pledge:IT ZUP,IT ZUP,Absolute emissions reduction,2008,2020,55,percent,https://www.covenantofmayors.eu/about/covenant-community/signatories/action-plan.html?scity_id=15202,GCoMEC:v2
GCoMEC:EUCoM_pledge:IT ZVJ,IT ZVJ,Absolute emissions reduction,2007,2020,20,percent,https://www.covenantofmayors.eu/about/covenant-community/signatories/action-plan.html?scity_id=12915,GCoMEC:v2
GCoMEC:EUCoM_pledge:IT ZVO,IT ZVO,Absolute emissions reduction,2005,2020,21,percent,https://www.covenantofmayors.eu/about/covenant-community/signatories/action-plan.html?scity_id=12945,GCoMEC:v2
GCoMEC:EUCoM_pledge:IT ZVQ,IT ZVQ,Absolute emissions reduction,2008,2020,23,percent,https://www.covenantofmayors.eu/about/covenant-community/signatories/action-plan.html?scity_id=15566,GCoMEC:v2
GCoMEC:EUCoM_pledge:IT ZXJ,IT ZXJ,Absolute emissions reduction,2005,2020,30,percent,https://www.covenantofmayors.eu/about/covenant-community/signatories/action-plan.html?scity_id=14594,GCoMEC:v2
GCoMEC:EUCoM_pledge:IT ZZN,IT ZZN,Absolute emissions reduction,2005,2020,20,percent,https://www.covenantofmayors.eu/about/covenant-community/signatories/action-plan.html?scity_id=13383,GCoMEC:v2
GCoMEC:EUCoM_pledge:LT KUN,LT KUN,Absolute emissions reduction,1990,2020,30,percent,https://www.covenantofmayors.eu/about/covenant-community/signatories/action-plan.html?scity_id=16578,GCoMEC:v2
GCoMEC:EUCoM_pledge:LT VIL,LT VIL,Absolute emissions reduction,2003,2020,26,percent,https://www.covenantofmayors.eu/about/covenant-community/signatories/action-plan.html?scity_id=16086,GCoMEC:v2
GCoMEC:EUCoM_pledge:LT VNO,LT VNO,Absolute emissions reduction,2003,2020,26,percent,https://www.covenantofmayors.eu/about/covenant-community/signatories/action-plan.html?scity_id=16086,GCoMEC:v2
GCoMEC:EUCoM_pledge:LU BKE,LU BKE,Absolute emissions reduction,1997,2020,30,percent,https://www.covenantofmayors.eu/about/covenant-community/signatories/action-plan.html?scity_id=11848,GCoMEC:v2
GCoMEC:EUCoM_pledge:LV BAL,LV BAL,Absolute emissions reduction,2005,2020,20,percent,https://www.covenantofmayors.eu/about/covenant-community/signatories/action-plan.html?scity_id=16301,GCoMEC:v2
GCoMEC:EUCoM_pledge:LV BNH,LV BNH,Absolute emissions reduction,2010,2020,20,percent,https://www.covenantofmayors.eu/about/covenant-community/signatories/action-plan.html?scity_id=16265,GCoMEC:v2
GCoMEC:EUCoM_pledge:LV JGA,LV JGA,Absolute emissions reduction,2005,2020,20,percent,https://www.covenantofmayors.eu/about/covenant-community/signatories/action-plan.html?scity_id=12050,GCoMEC:v2
GCoMEC:EUCoM_pledge:LV JPS,LV JPS,Absolute emissions reduction,1995,2020,20,percent,https://www.covenantofmayors.eu/about/covenant-community/signatories/action-plan.html?scity_id=12211,GCoMEC:v2
GCoMEC:EUCoM_pledge:LV LPX,LV LPX,Absolute emissions reduction,2006,2020,35,percent,https://www.covenantofmayors.eu/about/covenant-community/signatories/action-plan.html?scity_id=16213,GCoMEC:v2
GCoMEC:EUCoM_pledge:LV SDS,LV SDS,Absolute emissions reduction,2008,2020,20,percent,https://www.covenantofmayors.eu/about/covenant-community/signatories/action-plan.html?scity_id=16257,GCoMEC:v2
GCoMEC:EUCoM_pledge:LV STE,LV STE,Absolute emissions reduction,2008,2030,40,percent,https://www.covenantofmayors.eu/about/covenant-community/signatories/action-plan.html?scity_id=20002,GCoMEC:v2
GCoMEC:EUCoM_pledge:LV TKM,LV TKM,Absolute emissions reduction,2000,2020,20,percent,https://www.covenantofmayors.eu/about/covenant-community/signatories/action-plan.html?scity_id=12478,GCoMEC:v2
GCoMEC:EUCoM_pledge:LV ZJA,LV ZJA,Absolute emissions reduction,2008,2020,20,percent,https://www.covenantofmayors.eu/about/covenant-community/signatories/action-plan.html?scity_id=16527,GCoMEC:v2
GCoMEC:EUCoM_pledge:MD CAL,MD CAL,Absolute emissions reduction,2010,2020,20,percent,https://www.covenantofmayors.eu/about/covenant-community/signatories/action-plan.html?scity_id=16295,GCoMEC:v2
GCoMEC:EUCoM_pledge:MD SOR,MD SOR,Absolute emissions reduction,2011,2020,20,percent,https://www.covenantofmayors.eu/about/covenant-community/signatories/action-plan.html?scity_id=16286,GCoMEC:v2
GCoMEC:EUCoM_pledge:NL AMS,NL AMS,Absolute emissions reduction,2008,2020,40,percent,https://www.covenantofmayors.eu/about/covenant-community/signatories/action-plan.html?scity_id=11850,GCoMEC:v2
GCoMEC:EUCoM_pledge:NL DFT,NL DFT,Absolute emissions reduction,2010,2020,25,percent,https://www.covenantofmayors.eu/about/covenant-community/signatories/action-plan.html?scity_id=11851,GCoMEC:v2
GCoMEC:EUCoM_pledge:NL NIJ,NL NIJ,Absolute emissions reduction,2008,2020,27,percent,https://www.covenantofmayors.eu/about/covenant-community/signatories/action-plan.html?scity_id=12118,GCoMEC:v2
GCoMEC:EUCoM_pledge:NL RTM,NL RTM,Absolute emissions reduction,1990,2020,25,percent,https://www.covenantofmayors.eu/about/covenant-community/signatories/action-plan.html?scity_id=12329,GCoMEC:v2
GCoMEC:EUCoM_pledge:NL TLB,NL TLB,Absolute emissions reduction,2010,2020,30,percent,https://www.covenantofmayors.eu/about/covenant-community/signatories/action-plan.html?scity_id=11858,GCoMEC:v2
GCoMEC:EUCoM_pledge:NL ZTM,NL ZTM,Absolute emissions reduction,2007,2020,30,percent,https://www.covenantofmayors.eu/about/covenant-community/signatories/action-plan.html?scity_id=12033,GCoMEC:v2
GCoMEC:EUCoM_pledge:NO SVG,NO SVG,Absolute emissions reduction,1991,2020,20,percent,https://www.covenantofmayors.eu/about/covenant-community/signatories/action-plan.html?scity_id=11861,GCoMEC:v2
GCoMEC:EUCoM_pledge:PL BET,PL BET,Absolute emissions reduction,2005,2020,20,percent,https://www.covenantofmayors.eu/about/covenant-community/signatories/action-plan.html?scity_id=14494,GCoMEC:v2
GCoMEC:EUCoM_pledge:PL BIB,PL BIB,Absolute emissions reduction,1990,2020,20,percent,https://www.covenantofmayors.eu/about/covenant-community/signatories/action-plan.html?scity_id=11863,GCoMEC:v2
GCoMEC:EUCoM_pledge:PL BLW,PL BLW,Absolute emissions reduction,1995,2020,20,percent,https://www.covenantofmayors.eu/about/covenant-community/signatories/action-plan.html?scity_id=12867,GCoMEC:v2
GCoMEC:EUCoM_pledge:PL BZG,PL BZG,Absolute emissions reduction,2005,2020,22,percent,https://www.covenantofmayors.eu/about/covenant-community/signatories/action-plan.html?scity_id=14989,GCoMEC:v2
GCoMEC:EUCoM_pledge:PL CRZ,PL CRZ,Absolute emissions reduction,1995,2020,20,percent,https://www.covenantofmayors.eu/about/covenant-community/signatories/action-plan.html?scity_id=14365,GCoMEC:v2
GCoMEC:EUCoM_pledge:PL CZW,PL CZW,Absolute emissions reduction,2005,2020,20,percent,https://www.covenantofmayors.eu/about/covenant-community/signatories/action-plan.html?scity_id=16212,GCoMEC:v2
GCoMEC:EUCoM_pledge:PL DAB,PL DAB,Absolute emissions reduction,2001,2020,20,percent,https://www.covenantofmayors.eu/about/covenant-community/signatories/action-plan.html?scity_id=16006,GCoMEC:v2
GCoMEC:EUCoM_pledge:PL DZO,PL DZO,Absolute emissions reduction,1995,2020,20,percent,https://www.covenantofmayors.eu/about/covenant-community/signatories/action-plan.html?scity_id=12775,GCoMEC:v2
GCoMEC:EUCoM_pledge:PL GDY,PL GDY,Absolute emissions reduction,1999,2020,20,percent,https://www.covenantofmayors.eu/about/covenant-community/signatories/action-plan.html?scity_id=13950,GCoMEC:v2
GCoMEC:EUCoM_pledge:PL GNI,PL GNI,Absolute emissions reduction,2001,2020,22,percent,https://www.covenantofmayors.eu/about/covenant-community/signatories/action-plan.html?scity_id=14227,GCoMEC:v2
GCoMEC:EUCoM_pledge:PL JAA,PL JAA,Absolute emissions reduction,2005,2020,20,percent,https://www.covenantofmayors.eu/about/covenant-community/signatories/action-plan.html?scity_id=14495,GCoMEC:v2
GCoMEC:EUCoM_pledge:PL JWE,PL JWE,Absolute emissions reduction,2005,2020,21,percent,https://www.covenantofmayors.eu/about/covenant-community/signatories/action-plan.html?scity_id=14496,GCoMEC:v2
GCoMEC:EUCoM_pledge:PL KOS,PL KOS,Absolute emissions reduction,2000,2020,20,percent,https://www.covenantofmayors.eu/about/covenant-community/signatories/action-plan.html?scity_id=14229,GCoMEC:v2
GCoMEC:EUCoM_pledge:PL KOZ,PL KOZ,Absolute emissions reduction,2005,2020,25,percent,https://www.covenantofmayors.eu/about/covenant-community/signatories/action-plan.html?scity_id=14497,GCoMEC:v2
GCoMEC:EUCoM_pledge:PL LEJ,PL LEJ,Absolute emissions reduction,2005,2020,20,percent,https://www.covenantofmayors.eu/about/covenant-community/signatories/action-plan.html?scity_id=16518,GCoMEC:v2
GCoMEC:EUCoM_pledge:PL MSL,PL MSL,Absolute emissions reduction,2005,2020,20,percent,https://www.covenantofmayors.eu/about/covenant-community/signatories/action-plan.html?scity_id=14582,GCoMEC:v2
GCoMEC:EUCoM_pledge:PL PIA,PL PIA,Absolute emissions reduction,2008,2020,20,percent,https://www.covenantofmayors.eu/about/covenant-community/signatories/action-plan.html?scity_id=15014,GCoMEC:v2
GCoMEC:EUCoM_pledge:PL PLO,PL PLO,Absolute emissions reduction,1990,2030,22,percent,https://www.covenantofmayors.eu/about/covenant-community/signatories/action-plan.html?scity_id=19382,GCoMEC:v2
GCoMEC:EUCoM_pledge:PL SOP,PL SOP,Absolute emissions reduction,1997,2020,20,percent,https://www.covenantofmayors.eu/about/covenant-community/signatories/action-plan.html?scity_id=18975,GCoMEC:v2
GCoMEC:EUCoM_pledge:PL TOR,PL TOR,Absolute emissions reduction,1998,2020,24,percent,https://www.covenantofmayors.eu/about/covenant-community/signatories/action-plan.html?scity_id=17153,GCoMEC:v2
GCoMEC:EUCoM_pledge:PL WLA,PL WLA,Absolute emissions reduction,1995,2020,32,percent,https://www.covenantofmayors.eu/about/covenant-community/signatories/action-plan.html?scity_id=14248,GCoMEC:v2
GCoMEC:EUCoM_pledge:PL WRO,PL WRO,Absolute emissions reduction,1990,2030,40,percent,https://www.covenantofmayors.eu/about/covenant-community/signatories/action-plan.html?scity_id=19914,GCoMEC:v2
GCoMEC:EUCoM_pledge:PL WWE,PL WWE,Absolute emissions reduction,2005,2020,20,percent,https://www.covenantofmayors.eu/about/covenant-community/signatories/action-plan.html?scity_id=14583,GCoMEC:v2
GCoMEC:EUCoM_pledge:PL ZYK,PL ZYK,Absolute emissions reduction,2005,2020,20,percent,https://www.covenantofmayors.eu/about/covenant-community/signatories/action-plan.html?scity_id=14498,GCoMEC:v2
GCoMEC:EUCoM_pledge:PT ABT,PT ABT,Absolute emissions reduction,2010,2020,23,percent,https://www.covenantofmayors.eu/about/covenant-community/signatories/action-plan.html?scity_id=15618,GCoMEC:v2
GCoMEC:EUCoM_pledge:PT AGU,PT AGU,Absolute emissions reduction,2002,2020,33,percent,https://www.covenantofmayors.eu/about/covenant-community/signatories/action-plan.html?scity_id=12015,GCoMEC:v2
GCoMEC:EUCoM_pledge:PT ALM,PT ALM,Absolute emissions reduction,2006,2020,22,percent,https://www.covenantofmayors.eu/about/covenant-community/signatories/action-plan.html?scity_id=11927,GCoMEC:v2
GCoMEC:EUCoM_pledge:PT ALT,PT ALT,Absolute emissions reduction,2010,2020,33,percent,https://www.covenantofmayors.eu/about/covenant-community/signatories/action-plan.html?scity_id=16505,GCoMEC:v2
GCoMEC:EUCoM_pledge:PT ANA,PT ANA,Absolute emissions reduction,2008,2020,21,percent,https://www.covenantofmayors.eu/about/covenant-community/signatories/action-plan.html?scity_id=18662,GCoMEC:v2
GCoMEC:EUCoM_pledge:PT ARM,PT ARM,Absolute emissions reduction,2008,2020,20,percent,https://www.covenantofmayors.eu/about/covenant-community/signatories/action-plan.html?scity_id=17880,GCoMEC:v2
GCoMEC:EUCoM_pledge:PT AVS,PT AVS,Absolute emissions reduction,2010,2020,28,percent,https://www.covenantofmayors.eu/about/covenant-community/signatories/action-plan.html?scity_id=15848,GCoMEC:v2
GCoMEC:EUCoM_pledge:PT AVV,PT AVV,Absolute emissions reduction,2008,2020,20,percent,https://www.covenantofmayors.eu/about/covenant-community/signatories/action-plan.html?scity_id=14336,GCoMEC:v2
GCoMEC:EUCoM_pledge:PT AVZ,PT AVZ,Absolute emissions reduction,2008,2020,20,percent,https://www.covenantofmayors.eu/about/covenant-community/signatories/action-plan.html?scity_id=13245,GCoMEC:v2
GCoMEC:EUCoM_pledge:PT BRO,PT BRO,Absolute emissions reduction,2008,2020,31,percent,https://www.covenantofmayors.eu/about/covenant-community/signatories/action-plan.html?scity_id=14487,GCoMEC:v2
GCoMEC:EUCoM_pledge:PT BTS,PT BTS,Absolute emissions reduction,2008,2020,20,percent,https://www.covenantofmayors.eu/about/covenant-community/signatories/action-plan.html?scity_id=13635,GCoMEC:v2
GCoMEC:EUCoM_pledge:PT CAM,PT CAM,Absolute emissions reduction,2007,2020,20,percent,https://www.covenantofmayors.eu/about/covenant-community/signatories/action-plan.html?scity_id=14351,GCoMEC:v2
GCoMEC:EUCoM_pledge:PT CBS,PT CBS,Absolute emissions reduction,2008,2020,22,percent,https://www.covenantofmayors.eu/about/covenant-community/signatories/action-plan.html?scity_id=13394,GCoMEC:v2
GCoMEC:EUCoM_pledge:PT EPS,PT EPS,Absolute emissions reduction,2008,2020,20,percent,https://www.covenantofmayors.eu/about/covenant-community/signatories/action-plan.html?scity_id=12838,GCoMEC:v2
GCoMEC:EUCoM_pledge:PT EVR,PT EVR,Absolute emissions reduction,2009,2020,20,percent,https://www.covenantofmayors.eu/about/covenant-community/signatories/action-plan.html?scity_id=13822,GCoMEC:v2
GCoMEC:EUCoM_pledge:PT FEC,PT FEC,Absolute emissions reduction,2008,2020,20,percent,https://www.covenantofmayors.eu/about/covenant-community/signatories/action-plan.html?scity_id=17879,GCoMEC:v2
GCoMEC:EUCoM_pledge:PT FFE,PT FFE,Absolute emissions reduction,2008,2020,22,percent,https://www.covenantofmayors.eu/about/covenant-community/signatories/action-plan.html?scity_id=14086,GCoMEC:v2
GCoMEC:EUCoM_pledge:PT GDA,PT GDA,Absolute emissions reduction,2009,2020,20,percent,https://www.covenantofmayors.eu/about/covenant-community/signatories/action-plan.html?scity_id=11869,GCoMEC:v2
GCoMEC:EUCoM_pledge:PT GUI,PT GUI,Absolute emissions reduction,2008,2020,20,percent,https://www.covenantofmayors.eu/about/covenant-community/signatories/action-plan.html?scity_id=17753,GCoMEC:v2
GCoMEC:EUCoM_pledge:PT ILH,PT ILH,Absolute emissions reduction,2008,2020,20,percent,https://www.covenantofmayors.eu/about/covenant-community/signatories/action-plan.html?scity_id=18663,GCoMEC:v2
GCoMEC:EUCoM_pledge:PT LMG,PT LMG,Absolute emissions reduction,2008,2020,21,percent,https://www.covenantofmayors.eu/about/covenant-community/signatories/action-plan.html?scity_id=17882,GCoMEC:v2
GCoMEC:EUCoM_pledge:PT MAT,PT MAT,Absolute emissions reduction,2008,2020,21,percent,https://www.covenantofmayors.eu/about/covenant-community/signatories/action-plan.html?scity_id=13395,GCoMEC:v2
GCoMEC:EUCoM_pledge:PT MBR,PT MBR,Absolute emissions reduction,2008,2020,20,percent,https://www.covenantofmayors.eu/about/covenant-community/signatories/action-plan.html?scity_id=17877,GCoMEC:v2
GCoMEC:EUCoM_pledge:PT MLG,PT MLG,Absolute emissions reduction,2009,2020,20,percent,https://www.covenantofmayors.eu/about/covenant-community/signatories/action-plan.html?scity_id=14396,GCoMEC:v2
GCoMEC:EUCoM_pledge:PT MNO,PT MNO,Absolute emissions reduction,2008,2020,20,percent,https://www.covenantofmayors.eu/about/covenant-community/signatories/action-plan.html?scity_id=14344,GCoMEC:v2
GCoMEC:EUCoM_pledge:PT MOC,PT MOC,Absolute emissions reduction,2008,2020,48,percent,https://www.covenantofmayors.eu/about/covenant-community/signatories/action-plan.html?scity_id=11942,GCoMEC:v2
GCoMEC:EUCoM_pledge:PT MRA,PT MRA,Absolute emissions reduction,2008,2020,48,percent,https://www.covenantofmayors.eu/about/covenant-community/signatories/action-plan.html?scity_id=11942,GCoMEC:v2
GCoMEC:EUCoM_pledge:PT MRV,PT MRV,Absolute emissions reduction,2010,2020,30,percent,https://www.covenantofmayors.eu/about/covenant-community/signatories/action-plan.html?scity_id=13398,GCoMEC:v2
GCoMEC:EUCoM_pledge:PT MSF,PT MSF,Absolute emissions reduction,2008,2020,21,percent,https://www.covenantofmayors.eu/about/covenant-community/signatories/action-plan.html?scity_id=17871,GCoMEC:v2
GCoMEC:EUCoM_pledge:PT MTA,PT MTA,Absolute emissions reduction,2008,2020,23,percent,https://www.covenantofmayors.eu/about/covenant-community/signatories/action-plan.html?scity_id=18061,GCoMEC:v2
GCoMEC:EUCoM_pledge:PT MTL,PT MTL,Absolute emissions reduction,2008,2020,22,percent,https://www.covenantofmayors.eu/about/covenant-community/signatories/action-plan.html?scity_id=19214,GCoMEC:v2
GCoMEC:EUCoM_pledge:PT MUR,PT MUR,Absolute emissions reduction,2009,2020,21,percent,https://www.covenantofmayors.eu/about/covenant-community/signatories/action-plan.html?scity_id=17884,GCoMEC:v2
GCoMEC:EUCoM_pledge:PT OEI,PT OEI,Absolute emissions reduction,2008,2020,20,percent,https://www.covenantofmayors.eu/about/covenant-community/signatories/action-plan.html?scity_id=11951,GCoMEC:v2
GCoMEC:EUCoM_pledge:PT OLI,PT OLI,Absolute emissions reduction,2008,2020,21,percent,https://www.covenantofmayors.eu/about/covenant-community/signatories/action-plan.html?scity_id=18694,GCoMEC:v2
GCoMEC:EUCoM_pledge:PT OPO,PT OPO,Absolute emissions reduction,2004,2020,45,percent,https://www.covenantofmayors.eu/about/covenant-community/signatories/action-plan.html?scity_id=11871,GCoMEC:v2
GCoMEC:EUCoM_pledge:PT OVA,PT OVA,Absolute emissions reduction,2009,2020,22,percent,https://www.covenantofmayors.eu/about/covenant-community/signatories/action-plan.html?scity_id=12763,GCoMEC:v2
GCoMEC:EUCoM_pledge:PT PER,PT PER,Absolute emissions reduction,2008,2020,20,percent,https://www.covenantofmayors.eu/about/covenant-community/signatories/action-plan.html?scity_id=14346,GCoMEC:v2
GCoMEC:EUCoM_pledge:PT PGA,PT PGA,Absolute emissions reduction,2008,2020,20,percent,https://www.covenantofmayors.eu/about/covenant-community/signatories/action-plan.html?scity_id=17581,GCoMEC:v2
GCoMEC:EUCoM_pledge:PT PND,PT PND,Absolute emissions reduction,2008,2020,21,percent,https://www.covenantofmayors.eu/about/covenant-community/signatories/action-plan.html?scity_id=17875,GCoMEC:v2
GCoMEC:EUCoM_pledge:PT PTB,PT PTB,Absolute emissions reduction,2008,2020,20,percent,https://www.covenantofmayors.eu/about/covenant-community/signatories/action-plan.html?scity_id=14343,GCoMEC:v2
GCoMEC:EUCoM_pledge:PT SBR,PT SBR,Absolute emissions reduction,2008,2020,21,percent,https://www.covenantofmayors.eu/about/covenant-community/signatories/action-plan.html?scity_id=17904,GCoMEC:v2
GCoMEC:EUCoM_pledge:PT SEI,PT SEI,Absolute emissions reduction,2007,2020,20,percent,https://www.covenantofmayors.eu/about/covenant-community/signatories/action-plan.html?scity_id=13801,GCoMEC:v2
GCoMEC:EUCoM_pledge:PT SJP,PT SJP,Absolute emissions reduction,2008,2020,20,percent,https://www.covenantofmayors.eu/about/covenant-community/signatories/action-plan.html?scity_id=17885,GCoMEC:v2
GCoMEC:EUCoM_pledge:PT SMP,PT SMP,Absolute emissions reduction,2008,2020,20,percent,https://www.covenantofmayors.eu/about/covenant-community/signatories/action-plan.html?scity_id=17083,GCoMEC:v2
GCoMEC:EUCoM_pledge:PT SNT,PT SNT,Absolute emissions reduction,2006,2020,21,percent,https://www.covenantofmayors.eu/about/covenant-community/signatories/action-plan.html?scity_id=13231,GCoMEC:v2
GCoMEC:EUCoM_pledge:PT SPA,PT SPA,Absolute emissions reduction,2009,2020,20,percent,https://www.covenantofmayors.eu/about/covenant-community/signatories/action-plan.html?scity_id=13674,GCoMEC:v2
GCoMEC:EUCoM_pledge:PT SRL,PT SRL,Absolute emissions reduction,2008,2020,21,percent,https://www.covenantofmayors.eu/about/covenant-community/signatories/action-plan.html?scity_id=17886,GCoMEC:v2
GCoMEC:EUCoM_pledge:PT SRT,PT SRT,Absolute emissions reduction,2008,2020,21,percent,https://www.covenantofmayors.eu/about/covenant-community/signatories/action-plan.html?scity_id=14803,GCoMEC:v2
GCoMEC:EUCoM_pledge:PT STA,PT STA,Absolute emissions reduction,2008,2020,20,percent,https://www.covenantofmayors.eu/about/covenant-community/signatories/action-plan.html?scity_id=19094,GCoMEC:v2
GCoMEC:EUCoM_pledge:PT TBC,PT TBC,Absolute emissions reduction,2008,2020,20,percent,https://www.covenantofmayors.eu/about/covenant-community/signatories/action-plan.html?scity_id=17876,GCoMEC:v2
GCoMEC:EUCoM_pledge:PT TMC,PT TMC,Absolute emissions reduction,2008,2020,21,percent,https://www.covenantofmayors.eu/about/covenant-community/signatories/action-plan.html?scity_id=16991,GCoMEC:v2
GCoMEC:EUCoM_pledge:PT TRC,PT TRC,Absolute emissions reduction,2008,2020,20,percent,https://www.covenantofmayors.eu/about/covenant-community/signatories/action-plan.html?scity_id=16864,GCoMEC:v2
GCoMEC:EUCoM_pledge:PT VDC,PT VDC,Absolute emissions reduction,2008,2020,20,percent,https://www.covenantofmayors.eu/about/covenant-community/signatories/action-plan.html?scity_id=14348,GCoMEC:v2
GCoMEC:EUCoM_pledge:PT VDN,PT VDN,Absolute emissions reduction,2008,2020,20,percent,https://www.covenantofmayors.eu/about/covenant-community/signatories/action-plan.html?scity_id=13148,GCoMEC:v2
GCoMEC:EUCoM_pledge:PT VGS,PT VGS,Absolute emissions reduction,2008,2020,21,percent,https://www.covenantofmayors.eu/about/covenant-community/signatories/action-plan.html?scity_id=18666,GCoMEC:v2
GCoMEC:EUCoM_pledge:PT VLN,PT VLN,Absolute emissions reduction,2008,2020,20,percent,https://www.covenantofmayors.eu/about/covenant-community/signatories/action-plan.html?scity_id=14293,GCoMEC:v2
GCoMEC:EUCoM_pledge:PT VNG,PT VNG,Absolute emissions reduction,2005,2020,25,percent,https://www.covenantofmayors.eu/about/covenant-community/signatories/action-plan.html?scity_id=11872,GCoMEC:v2
GCoMEC:EUCoM_pledge:PT VPA,PT VPA,Absolute emissions reduction,2009,2020,20,percent,https://www.covenantofmayors.eu/about/covenant-community/signatories/action-plan.html?scity_id=13418,GCoMEC:v2
GCoMEC:EUCoM_pledge:PT VSE,PT VSE,Absolute emissions reduction,2000,2020,20,percent,https://www.covenantofmayors.eu/about/covenant-community/signatories/action-plan.html?scity_id=12861,GCoMEC:v2
GCoMEC:EUCoM_pledge:RO AID,RO AID,Absolute emissions reduction,2008,2020,20,percent,https://www.covenantofmayors.eu/about/covenant-community/signatories/action-plan.html?scity_id=11873,GCoMEC:v2
GCoMEC:EUCoM_pledge:RO ALI,RO ALI,Absolute emissions reduction,2008,2020,24,percent,https://www.covenantofmayors.eu/about/covenant-community/signatories/action-plan.html?scity_id=12795,GCoMEC:v2
GCoMEC:EUCoM_pledge:RO ARW,RO ARW,Absolute emissions reduction,2008,2020,23,percent,https://www.covenantofmayors.eu/about/covenant-community/signatories/action-plan.html?scity_id=14444,GCoMEC:v2
GCoMEC:EUCoM_pledge:RO BIT,RO BIT,Absolute emissions reduction,2008,2020,20,percent,https://www.covenantofmayors.eu/about/covenant-community/signatories/action-plan.html?scity_id=12492,GCoMEC:v2
GCoMEC:EUCoM_pledge:RO BRV,RO BRV,Absolute emissions reduction,2008,2020,32,percent,https://www.covenantofmayors.eu/about/covenant-community/signatories/action-plan.html?scity_id=11875,GCoMEC:v2
GCoMEC:EUCoM_pledge:RO CAS,RO CAS,Absolute emissions reduction,2008,2020,41,percent,https://www.covenantofmayors.eu/about/covenant-community/signatories/action-plan.html?scity_id=16205,GCoMEC:v2
GCoMEC:EUCoM_pledge:RO DVA,RO DVA,Absolute emissions reduction,2008,2020,20,percent,https://www.covenantofmayors.eu/about/covenant-community/signatories/action-plan.html?scity_id=14499,GCoMEC:v2
GCoMEC:EUCoM_pledge:RO FGA,RO FGA,Absolute emissions reduction,2010,2020,22,percent,https://www.covenantofmayors.eu/about/covenant-community/signatories/action-plan.html?scity_id=14687,GCoMEC:v2
GCoMEC:EUCoM_pledge:RO MNI,RO MNI,Absolute emissions reduction,2010,2020,20,percent,https://www.covenantofmayors.eu/about/covenant-community/signatories/action-plan.html?scity_id=13976,GCoMEC:v2
GCoMEC:EUCoM_pledge:RO VLI,RO VLI,Absolute emissions reduction,2005,2020,21,percent,https://www.covenantofmayors.eu/about/covenant-community/signatories/action-plan.html?scity_id=12224,GCoMEC:v2
GCoMEC:EUCoM_pledge:RO ZAU,RO ZAU,Absolute emissions reduction,2009,2020,20,percent,https://www.covenantofmayors.eu/about/covenant-community/signatories/action-plan.html?scity_id=15831,GCoMEC:v2
GCoMEC:EUCoM_pledge:RO ZTA,RO ZTA,Absolute emissions reduction,2008,2020,22,percent,https://www.covenantofmayors.eu/about/covenant-community/signatories/action-plan.html?scity_id=13817,GCoMEC:v2
GCoMEC:EUCoM_pledge:SE ALV,SE ALV,Absolute emissions reduction,1990,2020,34,percent,https://www.covenantofmayors.eu/about/covenant-community/signatories/action-plan.html?scity_id=12450,GCoMEC:v2
GCoMEC:EUCoM_pledge:SE BKY,SE BKY,Absolute emissions reduction,1990,2020,60,percent,https://www.covenantofmayors.eu/about/covenant-community/signatories/action-plan.html?scity_id=12527,GCoMEC:v2
GCoMEC:EUCoM_pledge:SE BOD,SE BOD,Absolute emissions reduction,2005,2030,45,percent,https://www.covenantofmayors.eu/about/covenant-community/signatories/action-plan.html?scity_id=19917,GCoMEC:v2
GCoMEC:EUCoM_pledge:SE FIN,SE FIN,Absolute emissions reduction,1990,2020,40,percent,https://www.covenantofmayors.eu/about/covenant-community/signatories/action-plan.html?scity_id=12546,GCoMEC:v2
GCoMEC:EUCoM_pledge:SE GIS,SE GIS,Absolute emissions reduction,1990,2020,44,percent,https://www.covenantofmayors.eu/about/covenant-community/signatories/action-plan.html?scity_id=12526,GCoMEC:v2
GCoMEC:EUCoM_pledge:SE HAD,SE HAD,Absolute emissions reduction,1990,2020,50,percent,https://www.covenantofmayors.eu/about/covenant-community/signatories/action-plan.html?scity_id=12258,GCoMEC:v2
GCoMEC:EUCoM_pledge:SE HEL,SE HEL,Absolute emissions reduction,2005,2020,36,percent,https://www.covenantofmayors.eu/about/covenant-community/signatories/action-plan.html?scity_id=14878,GCoMEC:v2
GCoMEC:EUCoM_pledge:SE HNE,SE HNE,Absolute emissions reduction,1990,2020,40,percent,https://www.covenantofmayors.eu/about/covenant-community/signatories/action-plan.html?scity_id=12525,GCoMEC:v2
GCoMEC:EUCoM_pledge:SE HNI,SE HNI,Absolute emissions reduction,1990,2020,40,percent,https://www.covenantofmayors.eu/about/covenant-community/signatories/action-plan.html?scity_id=12525,GCoMEC:v2
GCoMEC:EUCoM_pledge:SE IDJ,SE IDJ,Absolute emissions reduction,1990,2020,65,percent,https://www.covenantofmayors.eu/about/covenant-community/signatories/action-plan.html?scity_id=12453,GCoMEC:v2
GCoMEC:EUCoM_pledge:SE JKG,SE JKG,Absolute emissions reduction,1990,2020,40,percent,https://www.covenantofmayors.eu/about/covenant-community/signatories/action-plan.html?scity_id=12445,GCoMEC:v2
GCoMEC:EUCoM_pledge:SE JOK,SE JOK,Absolute emissions reduction,2005,2020,20,percent,https://www.covenantofmayors.eu/about/covenant-community/signatories/action-plan.html?scity_id=12456,GCoMEC:v2
GCoMEC:EUCoM_pledge:SE KAA,SE KAA,Absolute emissions reduction,1990,2020,50,percent,https://www.covenantofmayors.eu/about/covenant-community/signatories/action-plan.html?scity_id=12508,GCoMEC:v2
GCoMEC:EUCoM_pledge:SE KID,SE KID,Absolute emissions reduction,1990,2020,40,percent,https://www.covenantofmayors.eu/about/covenant-community/signatories/action-plan.html?scity_id=12493,GCoMEC:v2
GCoMEC:EUCoM_pledge:SE KSD,SE KSD,Absolute emissions reduction,2008,2020,25,percent,https://www.covenantofmayors.eu/about/covenant-community/signatories/action-plan.html?scity_id=12543,GCoMEC:v2
GCoMEC:EUCoM_pledge:SE LDK,SE LDK,Absolute emissions reduction,1990,2020,35,percent,https://www.covenantofmayors.eu/about/covenant-community/signatories/action-plan.html?scity_id=12476,GCoMEC:v2
GCoMEC:EUCoM_pledge:SE LEO,SE LEO,Absolute emissions reduction,2002,2030,62,percent,https://www.covenantofmayors.eu/about/covenant-community/signatories/action-plan.html?scity_id=19353,GCoMEC:v2
GCoMEC:EUCoM_pledge:SE LJY,SE LJY,Absolute emissions reduction,1990,2020,20,percent,https://www.covenantofmayors.eu/about/covenant-community/signatories/action-plan.html?scity_id=14890,GCoMEC:v2
GCoMEC:EUCoM_pledge:SE LLA,SE LLA,Absolute emissions reduction,1995,2020,30,percent,https://www.covenantofmayors.eu/about/covenant-community/signatories/action-plan.html?scity_id=18811,GCoMEC:v2
GCoMEC:EUCoM_pledge:SE LUD,SE LUD,Absolute emissions reduction,1990,2020,50,percent,https://www.covenantofmayors.eu/about/covenant-community/signatories/action-plan.html?scity_id=12454,GCoMEC:v2
GCoMEC:EUCoM_pledge:SE LYC,SE LYC,Absolute emissions reduction,1990,2020,40,percent,,GCoMEC:v2
GCoMEC:EUCoM_pledge:SE OSK,SE OSK,Absolute emissions reduction,1990,2020,50,percent,https://www.covenantofmayors.eu/about/covenant-community/signatories/action-plan.html?scity_id=15388,GCoMEC:v2
GCoMEC:EUCoM_pledge:SE PIT,SE PIT,Absolute emissions reduction,2000,2020,50,percent,https://www.covenantofmayors.eu/about/covenant-community/signatories/action-plan.html?scity_id=12657,GCoMEC:v2
GCoMEC:EUCoM_pledge:SE RNB,SE RNB,Absolute emissions reduction,1990,2020,20,percent,https://www.covenantofmayors.eu/about/covenant-community/signatories/action-plan.html?scity_id=15970,GCoMEC:v2
GCoMEC:EUCoM_pledge:SE SJQ,SE SJQ,Absolute emissions reduction,1990,2020,20,percent,https://www.covenantofmayors.eu/about/covenant-community/signatories/action-plan.html?scity_id=16275,GCoMEC:v2
GCoMEC:EUCoM_pledge:SE SOE,SE SOE,Absolute emissions reduction,1990,2020,65,percent,https://www.covenantofmayors.eu/about/covenant-community/signatories/action-plan.html?scity_id=12453,GCoMEC:v2
GCoMEC:EUCoM_pledge:SE STO,SE STO,Absolute emissions reduction,1990,2020,45,percent,https://www.covenantofmayors.eu/about/covenant-community/signatories/action-plan.html?scity_id=11886,GCoMEC:v2
GCoMEC:EUCoM_pledge:SE THN,SE THN,Absolute emissions reduction,1996,2020,50,percent,https://www.covenantofmayors.eu/about/covenant-community/signatories/action-plan.html?scity_id=12541,GCoMEC:v2
GCoMEC:EUCoM_pledge:SE TYS,SE TYS,Absolute emissions reduction,1990,2020,40,percent,https://www.covenantofmayors.eu/about/covenant-community/signatories/action-plan.html?scity_id=13449,GCoMEC:v2
GCoMEC:EUCoM_pledge:SE UME,SE UME,Absolute emissions reduction,1990,2020,40,percent,https://www.covenantofmayors.eu/about/covenant-community/signatories/action-plan.html?scity_id=17605,GCoMEC:v2
GCoMEC:EUCoM_pledge:SE VST,SE VST,Absolute emissions reduction,1990,2020,60,percent,https://www.covenantofmayors.eu/about/covenant-community/signatories/action-plan.html?scity_id=16426,GCoMEC:v2
GCoMEC:EUCoM_pledge:SE VXO,SE VXO,Absolute emissions reduction,1993,2020,65,percent,https://www.covenantofmayors.eu/about/covenant-community/signatories/action-plan.html?scity_id=11887,GCoMEC:v2
GCoMEC:EUCoM_pledge:SI LJR,SI LJR,Absolute emissions reduction,2010,2020,21,percent,https://www.covenantofmayors.eu/about/covenant-community/signatories/action-plan.html?scity_id=14220,GCoMEC:v2
GCoMEC:EUCoM_pledge:SI VEL,SI VEL,Absolute emissions reduction,2003,2020,23,percent,https://www.covenantofmayors.eu/about/covenant-community/signatories/action-plan.html?scity_id=12965,GCoMEC:v2
GCoMEC:EUCoM_pledge:SK NRA,SK NRA,Absolute emissions reduction,2005,2020,21,percent,https://www.covenantofmayors.eu/about/covenant-community/signatories/action-plan.html?scity_id=11889,GCoMEC:v2
GCoMEC:EUCoM_pledge:UA CHR,UA CHR,Absolute emissions reduction,2009,2020,27,percent,https://www.covenantofmayors.eu/about/covenant-community/signatories/action-plan.html?scity_id=15345,GCoMEC:v2
GCoMEC:EUCoM_pledge:UA DOL,UA DOL,Absolute emissions reduction,2010,2020,21,percent,https://www.covenantofmayors.eu/about/covenant-community/signatories/action-plan.html?scity_id=29339,GCoMEC:v2
GCoMEC:EUCoM_pledge:UA KTP,UA KTP,Absolute emissions reduction,2010,2020,20,percent,https://www.covenantofmayors.eu/about/covenant-community/signatories/action-plan.html?scity_id=14394,GCoMEC:v2
GCoMEC:EUCoM_pledge:UA RIV,UA RIV,Absolute emissions reduction,2010,2020,20,percent,https://www.covenantofmayors.eu/about/covenant-community/signatories/action-plan.html?scity_id=15852,GCoMEC:v2
GCoMEC:EUCoM_pledge:UA TRU,UA TRU,Absolute emissions reduction,2012,2020,21,percent,https://www.covenantofmayors.eu/about/covenant-community/signatories/action-plan.html?scity_id=18933,GCoMEC:v2
GCoMEC:EUCoM_pledge:UA UCK,UA UCK,Absolute emissions reduction,2007,2020,20,percent,https://www.covenantofmayors.eu/about/covenant-community/signatories/action-plan.html?scity_id=11895,GCoMEC:v2
GCoMEC:EUCoM_pledge:UA ZUN,UA ZUN,Absolute emissions reduction,2010,2020,20,percent,https://www.covenantofmayors.eu/about/covenant-community/signatories/action-plan.html?scity_id=19144,GCoMEC:v2
GCoMEC:EUCoM_pledge:UA ZUX,UA ZUX,Absolute emissions reduction,2007,2020,33,percent,https://www.covenantofmayors.eu/about/covenant-community/signatories/action-plan.html?scity_id=11898,GCoMEC:v2
